区站号,数据类型,时间,入库时间,更正标识,本站气压,海平面气压,气温,水汽压,相对湿度,1分钟平均水平能见度,降水量,小时蒸发量,2分钟平均风向,风速,10分钟平均风向,10分钟平均风速,地面温度,草面（雪面）温度,总云量,低云量,水平能见度（人工）
57053/芮城,小时数据,2025-01-01 19,2025-01-01 19:00:39,000,963.5,1027.0,1.2,3.1,47,8056,0.0,-,105,0.6,354,1.1,-3.7,-5.5,-,-,7100
57053/芮城,小时数据,2025-01-01 18,2025-01-01 18:00:45,000,962.3,1025.3,4.4,3.1,37,10339,0.0,-,262,0.7,276,0.8,-2.3,-6.6,-,-,10400
57053/芮城,小时数据,2025-01-01 17,2025-01-01 17:00:41,000,961.6,1024.1,8.1,3.0,28,11759,0.0,-,250,3.2,247,2.4,3.2,5.6,-,-,10300
57053/芮城,小时数据,2025-01-01 16,2025-01-01 16:00:46,000,960.8,1023.0,9.6,3.0,25,13903,0.0,-,248,3.6,244,3.2,9.3,13.0,-,-,12300
57053/芮城,小时数据,2025-01-01 15,2025-01-01 15:00:39,000,960.8,1022.9,9.8,3.0,25,12258,0.0,-,248,4.1,242,4.2,13.6,15.6,-,-,11900
57053/芮城,小时数据,2025-01-01 14,2025-01-01 14:00:39,000,961.1,1023.1,9.6,3.2,27,10441,0.0,-,236,3.2,230,3.5,16.0,18.2,-,-,10700
57053/芮城,小时数据,2025-01-01 13,2025-01-01 13:00:45,000,961.7,1023.6,8.9,3.2,28,10738,0.0,-,207,1.8,227,3.0,15.7,19.0,-,-,10500
57053/芮城,小时数据,2025-01-01 12,2025-01-01 12:00:39,000,962.7,1024.3,6.8,3.3,33,10133,0.0,-,238,3.2,236,3.5,12.8,16.4,-,-,9500
57053/芮城,小时数据,2025-01-01 11,2025-01-01 11:00:48,000,963.6,1025.3,4.2,3.2,39,8998,0.0,-,142,1.5,117,1.2,9.2,13.5,-,-,8500
57053/芮城,小时数据,2025-01-01 10,2025-01-01 10:00:39,000,963.4,1026.0,0.9,3.2,49,7661,0.0,-,28,1.1,15,1.0,3.8,9.5,-,-,7900
57053/芮城,小时数据,2025-01-01 09,2025-01-01 09:00:45,000,962.5,1026.0,-3.2,3.3,69,7894,0.0,-,96,0.8,53,0.8,-2.9,1.2,-,-,8600
57053/芮城,小时数据,2025-01-01 08,2025-01-01 08:00:43,000,961.2,1024.8,-6.1,2.9,75,13908,0.0,-,355,1.7,358,1.6,-7.1,-10.8,-,-,14100
57053/芮城,小时数据,2025-01-01 07,2025-01-01 07:00:45,000,960.5,1023.9,-7.4,2.6,73,12466,0.0,-,348,1.0,3,0.8,-7.3,-11.9,-,-,11500
57053/芮城,小时数据,2025-01-01 06,2025-01-01 06:00:40,000,960.0,1022.8,-6.9,2.7,73,18141,0.0,-,16,0.9,2,1.1,-7.1,-11.8,-,-,18200
57053/芮城,小时数据,2025-01-01 05,2025-01-01 05:00:47,000,959.9,1021.9,-6.4,2.7,71,17693,0.0,-,38,0.8,19,0.8,-6.8,-11.7,-,-,18600
57053/芮城,小时数据,2025-01-01 04,2025-01-01 04:00:40,000,959.8,1021.7,-5.9,2.7,69,19454,0.0,-,322,0.5,338,1.0,-6.4,-10.9,-,-,18100
57053/芮城,小时数据,2025-01-01 03,2025-01-01 03:00:46,000,959.6,1021.4,-5.0,2.7,64,16463,0.0,-,356,1.1,6,1.0,-6.2,-11.1,-,-,18700
57053/芮城,小时数据,2025-01-01 02,2025-01-01 02:00:45,000,959.1,1020.8,-3.9,2.7,60,14642,0.0,-,253,0.7,272,0.6,-5.9,-10.5,-,-,12900
57053/芮城,小时数据,2025-01-01 01,2025-01-01 01:00:50,000,958.7,1020.4,-2.1,2.6,50,18292,0.0,-,295,0.9,279,0.7,-5.4,-9.9,-,-,17700
57053/芮城,小时数据,2025-01-01 00,2025-01-01 00:01:05,000,958.3,1019.5,2.9,2.6,34,21519,0.0,-,111,1.3,104,1.6,-4.6,-8.5,-,-,22400
57053/芮城,小时数据,2024-12-31 23,2024-12-31 23:00:44,000,958.5,1019.7,5.0,2.5,29,23921,0.0,-,60,3.1,59,3.2,-2.6,0.6,-,-,23300
57053/芮城,小时数据,2024-12-31 22,2024-12-31 22:00:48,000,958.5,1020.6,0.4,2.8,45,23008,0.0,-,58,2.9,55,2.4,-4.8,-6.3,-,-,20000
57053/芮城,小时数据,2024-12-31 21,2024-12-31 21:00:40,000,958.7,1021.8,-3.0,2.6,53,19223,0.0,-,56,0.9,40,1.1,-4.8,-9.6,-,-,16600
57053/芮城,小时数据,2024-12-31 20,2024-12-31 20:00:48,000,958.9,1022.7,-2.0,2.7,52,10677,0.0,-,3,0.9,5,1.0,-4.4,-9.6,-,-,10900
57053/芮城,小时数据,2024-12-31 19,2024-12-31 19:00:41,000,958.5,1021.9,0.7,2.7,42,11640,0.0,-,358,1.1,346,1.3,-3.9,-8.8,-,-,11300
57053/芮城,小时数据,2024-12-31 18,2024-12-31 18:00:39,000,958.2,1020.9,5.0,2.7,31,16519,0.0,-,10,0.8,297,0.6,-2.2,-8.0,-,-,15300
57053/芮城,小时数据,2024-12-31 17,2024-12-31 17:00:47,000,958.1,1020.0,10.8,2.6,20,23382,0.0,-,214,0.9,214,1.1,3.8,3.3,-,-,23000
57053/芮城,小时数据,2024-12-31 16,2024-12-31 16:00:40,000,958.3,1020.2,11.3,2.3,17,30000,0.0,-,125,3.0,121,2.3,11.6,17.0,-,-,30000
57053/芮城,小时数据,2024-12-31 15,2024-12-31 15:00:46,000,959.1,1020.9,11.4,2.3,17,30000,0.0,-,137,2.7,170,1.8,16.6,20.9,-,-,23900
57053/芮城,小时数据,2024-12-31 14,2024-12-31 14:00:38,000,960.2,1022.2,11.1,2.2,17,24662,0.0,-,162,2.2,143,1.8,18.9,22.1,-,-,27800
57053/芮城,小时数据,2024-12-31 13,2024-12-31 13:00:46,000,961.4,1023.5,9.2,2.6,22,25297,0.0,-,112,2.2,112,1.9,18.3,20.9,-,-,19600
57053/芮城,小时数据,2024-12-31 12,2024-12-31 12:00:42,000,962.8,1025.2,8.4,2.4,22,23497,0.0,-,127,2.3,122,2.1,14.9,19.1,-,-,20400
57053/芮城,小时数据,2024-12-31 11,2024-12-31 11:00:46,000,964.2,1026.9,6.1,2.7,29,22833,0.0,-,155,2.1,144,2.3,10.9,16.3,-,-,19100
57053/芮城,小时数据,2024-12-31 10,2024-12-31 10:00:41,000,964.7,1027.7,3.1,2.7,35,18062,0.0,-,109,1.2,113,1.0,4.9,12.7,-,-,11800
57053/芮城,小时数据,2024-12-31 09,2024-12-31 09:00:38,000,964.8,1028.4,-2.4,3.3,64,11446,0.0,-,PPC,0.0,297,0.5,-3.2,3.6,-,-,11500
57053/芮城,小时数据,2024-12-31 08,2024-12-31 08:00:40,000,964.7,1028.9,-8.7,2.3,73,19103,0.0,-,359,1.5,2,1.3,-8.4,-11.8,-,-,21100
57053/芮城,小时数据,2024-12-31 07,2024-12-31 07:00:45,000,964.5,1028.3,-8.1,2.3,68,25039,0.0,-,357,1.0,356,0.9,-8.5,-13.5,-,-,24300
57053/芮城,小时数据,2024-12-31 06,2024-12-31 06:00:48,000,964.7,1027.8,-7.2,2.2,63,27401,0.0,-,353,1.2,357,1.5,-8.2,-13.0,-,-,26100
57053/芮城,小时数据,2024-12-31 05,2024-12-31 05:00:40,000,965.2,1027.8,-6.1,2.2,58,28628,0.0,-,39,0.9,48,1.2,-7.7,-12.5,-,-,27300
57053/芮城,小时数据,2024-12-31 04,2024-12-31 04:00:38,000,966.0,1028.6,-6.4,2.3,62,26156,0.0,-,339,1.8,336,1.6,-7.5,-12.4,-,-,27900
57053/芮城,小时数据,2024-12-31 03,2024-12-31 03:00:39,000,967.1,1029.7,-5.3,2.5,61,25721,0.0,-,360,2.2,354,2.1,-7.3,-11.8,-,-,24300
57053/芮城,小时数据,2024-12-31 02,2024-12-31 02:00:40,000,967.3,1030.1,-6.0,2.4,62,24518,0.0,-,61,0.7,39,0.8,-6.9,-12.1,-,-,23900
57053/芮城,小时数据,2024-12-31 01,2024-12-31 01:00:45,000,967.8,1030.6,-4.4,2.4,54,24449,0.0,-,343,1.3,337,1.8,-6.5,-11.1,-,-,23200
57053/芮城,小时数据,2024-12-31 00,2024-12-31 00:01:02,000,968.0,1031.0,-5.6,2.4,59,22420,0.0,-,349,1.4,354,1.4,-6.2,-10.9,-,-,20600
57053/芮城,小时数据,2024-12-30 23,2024-12-30 23:00:38,000,968.0,1030.9,-4.5,2.4,54,22992,0.0,-,321,1.5,328,2.0,-5.8,-10.3,-,-,19900
57053/芮城,小时数据,2024-12-30 22,2024-12-30 22:00:37,000,968.1,1031.4,-4.0,2.4,52,19391,0.0,-,350,1.1,330,1.2,-5.5,-10.6,-,-,20400
57053/芮城,小时数据,2024-12-30 21,2024-12-30 21:00:38,000,968.0,1031.7,-3.8,2.4,51,18765,0.0,-,330,1.3,325,1.5,-5.2,-10.1,-,-,15300
57053/芮城,小时数据,2024-12-30 20,2024-12-30 20:00:38,000,967.6,1031.3,-2.5,2.4,47,15154,0.0,-,341,1.1,344,1.3,-4.7,-9.7,-,-,10900
57053/芮城,小时数据,2024-12-30 19,2024-12-30 19:00:39,000,967.2,1030.5,0.2,2.4,38,17122,0.0,-,338,2.0,340,1.7,-4.2,-9.4,-,-,14800
57053/芮城,小时数据,2024-12-30 18,2024-12-30 18:00:39,000,966.6,1029.4,5.3,2.1,24,20805,0.0,-,176,0.9,234,0.8,-2.6,-7.0,-,-,22300
57053/芮城,小时数据,2024-12-30 17,2024-12-30 17:00:39,000,966.0,1028.3,8.4,2.0,18,29910,0.0,-,248,3.0,253,2.8,3.3,6.9,-,-,29100
57053/芮城,小时数据,2024-12-30 16,2024-12-30 16:00:38,000,965.7,1027.8,9.4,2.1,18,30000,0.0,-,244,4.8,243,3.9,9.7,13.3,-,-,28400
57053/芮城,小时数据,2024-12-30 15,2024-12-30 15:00:47,000,965.7,1028.4,9.2,2.0,17,27127,0.0,-,317,0.9,281,1.5,13.9,18.5,-,-,26100
57053/芮城,小时数据,2024-12-30 14,2024-12-30 14:00:44,000,965.9,1028.8,7.7,2.0,19,30000,0.0,-,231,3.9,245,3.4,11.3,12.8,-,-,26700
57053/芮城,小时数据,2024-12-30 13,2024-12-30 13:00:45,000,966.6,1029.4,7.0,2.1,21,26390,0.0,-,256,3.8,245,3.8,9.5,11.6,-,-,24900
57053/芮城,小时数据,2024-12-30 12,2024-12-30 12:00:47,000,967.0,1030.0,6.1,2.6,28,15720,0.0,-,240,3.5,246,3.7,8.9,10.3,-,-,16200
57053/芮城,小时数据,2024-12-30 11,2024-12-30 11:00:45,000,967.5,1030.4,6.3,2.5,26,17596,0.0,-,219,2.6,217,1.8,8.6,12.6,-,-,12500
57053/芮城,小时数据,2024-12-30 10,2024-12-30 10:00:45,000,967.5,1030.9,2.6,2.9,40,9264,0.0,-,122,0.5,144,1.1,6.0,11.1,-,-,9200
57053/芮城,小时数据,2024-12-30 09,2024-12-30 09:00:47,000,966.7,1030.4,-1.6,2.8,52,9874,0.0,-,9,1.3,8,1.3,-0.8,0.9,-,-,8700
57053/芮城,小时数据,2024-12-30 08,2024-12-30 08:00:41,000,966.1,1029.7,-2.9,2.8,57,10463,0.0,-,96,1.1,69,0.5,-4.0,-5.3,-,-,11600
57053/芮城,小时数据,2024-12-30 07,2024-12-30 07:00:40,000,965.5,1028.9,-2.7,2.7,53,13103,0.0,-,6,1.3,356,1.3,-4.1,-5.3,-,-,13200
57053/芮城,小时数据,2024-12-30 06,2024-12-30 06:00:41,000,964.4,1027.5,-3.3,2.5,53,16388,0.0,-,1,0.9,21,1.1,-4.1,-5.1,-,-,16400
57053/芮城,小时数据,2024-12-30 05,2024-12-30 05:00:41,000,964.0,1026.5,-2.6,2.3,46,19907,0.0,-,2,1.7,360,2.1,-4.8,-5.1,-,-,17500
57053/芮城,小时数据,2024-12-30 04,2024-12-30 04:00:38,000,964.3,1026.7,-2.1,2.5,48,14298,0.0,-,302,2.5,288,2.6,-6.2,-6.5,-,-,13900
57053/芮城,小时数据,2024-12-30 03,2024-12-30 03:00:39,000,964.4,1027.4,-7.2,2.4,67,13594,0.0,-,317,1.1,328,1.3,-6.2,-9.5,-,-,12700
57053/芮城,小时数据,2024-12-30 02,2024-12-30 02:00:40,000,964.2,1027.1,-7.4,2.2,64,12878,0.0,-,358,0.8,9,1.0,-7.2,-11.8,-,-,13300
57053/芮城,小时数据,2024-12-30 01,2024-12-30 01:00:47,000,964.8,1027.6,-5.3,2.3,56,15684,0.0,-,334,1.5,339,2.6,-6.8,-10.8,-,-,14400
57053/芮城,小时数据,2024-12-30 00,2024-12-30 00:01:01,000,964.7,1027.9,-5.9,2.4,60,15522,0.0,-,320,1.2,333,1.2,-6.5,-11.6,-,-,13900
57053/芮城,小时数据,2024-12-29 23,2024-12-29 23:00:40,000,964.4,1027.8,-5.1,2.4,57,11934,0.0,-,27,1.5,35,1.4,-6.1,-10.1,-,-,12900
57053/芮城,小时数据,2024-12-29 22,2024-12-29 22:00:39,000,964.8,1028.7,-5.2,2.4,58,13181,0.0,-,54,1.4,27,1.2,-5.8,-10.9,-,-,12700
57053/芮城,小时数据,2024-12-29 21,2024-12-29 21:00:45,000,965.2,1029.2,-3.9,2.5,54,12885,0.0,-,333,2.3,332,1.8,-5.4,-10.4,-,-,10900
57053/芮城,小时数据,2024-12-29 20,2024-12-29 20:00:46,000,964.9,1029.1,-2.6,2.5,49,11470,0.0,-,154,0.4,317,0.7,-4.8,-9.9,-,-,10800
57053/芮城,小时数据,2024-12-29 19,2024-12-29 19:00:42,000,964.3,1028.3,-1.1,2.6,46,10476,0.0,-,329,1.5,346,1.3,-4.6,-9.7,-,-,9200
57053/芮城,小时数据,2024-12-29 18,2024-12-29 18:00:44,000,963.1,1026.9,1.6,2.5,37,12614,0.0,-,213,0.5,222,1.0,-3.9,-8.9,-,-,13000
57053/芮城,小时数据,2024-12-29 17,2024-12-29 17:00:38,000,962.6,1026.1,5.0,2.4,28,14115,0.0,-,187,1.4,203,1.4,1.2,0.6,-,-,13800
57053/芮城,小时数据,2024-12-29 16,2024-12-29 16:00:44,000,962.6,1026.0,6.1,2.4,26,14709,0.0,-,239,4.3,230,4.0,6.9,9.6,-,-,15200
57053/芮城,小时数据,2024-12-29 15,2024-12-29 15:00:43,000,962.8,1026.1,6.2,2.1,22,20298,0.0,-,243,5.3,246,5.4,10.2,11.1,-,-,19300
57053/芮城,小时数据,2024-12-29 14,2024-12-29 14:00:40,000,963.0,1026.2,7.0,1.9,19,22680,0.0,-,255,4.8,248,4.2,14.3,15.0,-,-,19500
57053/芮城,小时数据,2024-12-29 13,2024-12-29 13:00:43,000,964.6,1028.0,5.8,2.0,22,15427,0.0,-,216,3.5,214,4.4,13.0,15.4,-,-,20000
57053/芮城,小时数据,2024-12-29 12,2024-12-29 12:00:45,000,966.3,1029.9,3.4,2.3,29,16242,0.0,-,150,1.9,152,1.7,11.8,14.0,-,-,14500
57053/芮城,小时数据,2024-12-29 11,2024-12-29 11:00:46,000,967.5,1031.4,0.3,2.4,39,10446,0.0,-,327,1.5,287,1.6,9.0,12.3,-,-,10300
57053/芮城,小时数据,2024-12-29 10,2024-12-29 10:00:43,000,967.8,1032.2,-2.9,2.5,51,7851,0.0,-,217,2.0,206,2.0,2.1,4.9,-,-,8200
57053/芮城,小时数据,2024-12-29 09,2024-12-29 09:00:46,000,967.4,1031.8,-5.1,2.5,60,9363,0.0,-,263,2.1,251,2.4,-3.6,-4.3,-,-,10000
57053/芮城,小时数据,2024-12-29 08,2024-12-29 08:00:45,000,966.4,1030.9,-7.9,2.1,63,16270,0.0,-,104,0.9,107,1.3,-6.5,-8.8,-,-,18400
57053/芮城,小时数据,2024-12-29 07,2024-12-29 07:00:40,000,966.0,1030.5,-8.7,2.1,65,23096,0.0,-,61,0.9,82,1.1,-7.0,-9.2,-,-,23300
57053/芮城,小时数据,2024-12-29 06,2024-12-29 06:00:45,000,965.5,1029.8,-10.1,1.9,67,30000,0.0,-,273,0.8,250,0.7,-8.2,-11.8,-,-,29800
57053/芮城,小时数据,2024-12-29 05,2024-12-29 05:00:40,000,965.2,1029.1,-11.4,1.8,71,30000,0.0,-,346,0.3,188,0.4,-9.3,-13.7,-,-,30000
57053/芮城,小时数据,2024-12-29 04,2024-12-29 04:00:45,000,965.3,1029.0,-11.3,1.8,70,30000,0.0,-,9,1.8,5,1.6,-9.9,-16.0,-,-,30000
57053/芮城,小时数据,2024-12-29 03,2024-12-29 03:00:44,000,966.3,1030.0,-10.8,1.8,67,30000,0.0,-,334,1.1,328,1.1,-9.7,-15.8,-,-,30000
57053/芮城,小时数据,2024-12-29 02,2024-12-29 02:00:45,000,966.0,1029.7,-10.9,1.8,69,25757,0.0,-,352,1.1,353,1.3,-9.4,-15.6,-,-,28000
57053/芮城,小时数据,2024-12-29 01,2024-12-29 01:00:47,000,966.2,1030.0,-10.4,1.9,67,23189,0.0,-,348,1.6,354,1.0,-9.0,-15.5,-,-,22500
57053/芮城,小时数据,2024-12-29 00,2024-12-29 00:01:00,000,966.7,1030.5,-8.5,1.8,56,22707,0.0,-,357,2.1,350,1.9,-8.7,-15.1,-,-,24100
57053/芮城,小时数据,2024-12-28 23,2024-12-28 23:00:45,000,968.1,1032.1,-7.7,1.8,53,24539,0.0,-,322,1.8,331,2.4,-8.4,-14.8,-,-,19200
57053/芮城,小时数据,2024-12-28 22,2024-12-28 22:00:39,000,968.3,1032.6,-8.0,1.9,57,14681,0.0,-,41,0.9,4,0.6,-8.0,-15.1,-,-,15800
57053/芮城,小时数据,2024-12-28 21,2024-12-28 21:00:38,000,968.4,1033.0,-6.0,1.9,48,16066,0.0,-,77,1.3,70,1.3,-7.4,-14.5,-,-,16500
57053/芮城,小时数据,2024-12-28 20,2024-12-28 20:00:47,000,968.1,1033.2,-4.6,1.9,44,15810,0.0,-,337,1.7,342,1.9,-6.6,-13.0,-,-,16100
57053/芮城,小时数据,2024-12-28 19,2024-12-28 19:00:40,000,968.3,1033.2,-3.6,2.0,42,17330,0.0,-,9,2.2,7,2.0,-6.0,-11.8,-,-,16700
57053/芮城,小时数据,2024-12-28 18,2024-12-28 18:00:46,000,968.1,1032.5,-0.9,1.7,30,20408,0.0,-,PPC,0.0,PPC,0.0,-5.2,-12.5,-,-,28100
57053/芮城,小时数据,2024-12-28 17,2024-12-28 17:00:40,000,968.2,1032.1,3.4,1.6,20,30000,0.0,-,238,1.8,233,2.3,-0.2,2.4,-,-,30000
57053/芮城,小时数据,2024-12-28 16,2024-12-28 16:00:45,000,968.8,1032.6,4.8,1.5,17,30000,0.0,-,247,3.7,248,3.1,6.7,10.6,-,-,30000
57053/芮城,小时数据,2024-12-28 15,2024-12-28 15:00:44,000,969.5,1033.3,4.9,1.5,17,30000,0.0,-,242,4.3,229,4.3,11.7,13.1,-,-,30000
57053/芮城,小时数据,2024-12-28 14,2024-12-28 14:00:45,000,970.7,1034.4,4.8,1.6,19,30000,0.0,-,209,3.9,228,3.3,14.4,15.2,-,-,30000
57053/芮城,小时数据,2024-12-28 13,2024-12-28 13:00:40,000,972.2,1036.1,3.9,2.2,27,30000,0.0,-,226,4.4,225,3.5,14.0,14.4,-,-,22600
57053/芮城,小时数据,2024-12-28 12,2024-12-28 12:00:44,000,973.9,1037.9,2.1,2.0,28,21093,0.0,-,185,2.6,199,2.9,11.2,13.5,-,-,20900
57053/芮城,小时数据,2024-12-28 11,2024-12-28 11:00:43,000,975.4,1039.6,0.6,2.2,34,17679,0.0,-,112,0.7,181,1.2,7.9,11.9,-,-,12400
57053/芮城,小时数据,2024-12-28 10,2024-12-28 10:00:40,000,975.9,1040.1,-1.7,2.1,39,11245,0.0,-,248,0.5,116,0.3,2.3,7.9,-,-,5400
57053/芮城,小时数据,2024-12-28 09,2024-12-28 09:00:43,000,976.2,1040.7,-6.2,2.2,57,13624,0.0,-,36,0.9,6,0.7,-5.2,0.4,-,-,10000
57053/芮城,小时数据,2024-12-28 08,2024-12-28 08:00:45,000,976.2,1041.3,-11.5,1.8,71,14333,0.0,-,323,1.3,337,1.5,-10.1,-15.4,-,-,9600
57053/芮城,小时数据,2024-12-28 07,2024-12-28 07:00:38,000,976.2,1041.3,-10.8,1.8,68,11772,0.0,-,346,1.2,350,1.1,-9.9,-16.0,-,-,11100
57053/芮城,小时数据,2024-12-28 06,2024-12-28 06:00:47,000,976.2,1040.9,-10.1,2.0,69,14908,0.0,-,335,2.1,338,1.7,-9.6,-15.8,-,-,15500
57053/芮城,小时数据,2024-12-28 05,2024-12-28 05:00:45,000,976.8,1041.3,-9.7,1.9,64,22404,0.0,-,337,1.6,340,1.9,-9.3,-15.5,-,-,22200
57053/芮城,小时数据,2024-12-28 04,2024-12-28 04:00:46,000,977.4,1042.0,-10.5,1.9,69,26463,0.0,-,328,1.1,326,1.2,-9.1,-15.3,-,-,26800
57053/芮城,小时数据,2024-12-28 03,2024-12-28 03:00:38,000,977.5,1042.0,-9.9,1.8,64,30000,0.0,-,360,0.8,6,0.7,-8.8,-15.3,-,-,29600
57053/芮城,小时数据,2024-12-28 02,2024-12-28 02:00:46,000,977.7,1042.0,-8.0,1.8,54,27967,0.0,-,355,1.5,346,2.0,-8.3,-14.7,-,-,27900
57053/芮城,小时数据,2024-12-28 01,2024-12-28 01:00:46,000,978.0,1042.4,-8.1,1.9,57,25370,0.0,-,1,1.9,37,1.5,-8.0,-13.9,-,-,25200
57053/芮城,小时数据,2024-12-28 00,2024-12-28 00:01:19,000,978.4,1042.6,-6.4,1.8,48,27310,0.0,-,3,1.5,3,1.0,-7.5,-14.0,-,-,22400
57053/芮城,小时数据,2024-12-27 23,2024-12-27 23:00:38,000,978.7,1043.0,-6.1,1.8,46,30000,0.0,-,162,0.9,136,0.8,-7.1,-13.4,-,-,30000
57053/芮城,小时数据,2024-12-27 22,2024-12-27 22:00:44,000,979.4,1043.5,-3.0,1.7,34,30000,0.0,-,197,1.5,210,1.1,-6.4,-12.4,-,-,30000
57053/芮城,小时数据,2024-12-27 21,2024-12-27 21:00:39,000,979.6,1043.5,-0.8,1.6,27,30000,0.0,-,315,2.0,317,2.0,-5.3,-8.5,-,-,30000
57053/芮城,小时数据,2024-12-27 20,2024-12-27 20:00:47,000,979.6,1043.5,-0.6,1.6,28,30000,0.0,-,297,2.4,300,2.2,-5.1,-7.2,-,-,30000
57053/芮城,小时数据,2024-12-27 19,2024-12-27 19:00:44,000,979.5,1043.4,-1.1,1.7,31,28751,0.0,-,305,1.5,304,1.4,-5.1,-11.5,-,-,29000
57053/芮城,小时数据,2024-12-27 18,2024-12-27 18:00:39,000,979.0,1042.8,1.5,1.6,24,30000,0.0,-,282,3.2,278,2.4,-3.2,-2.6,-,-,30000
57053/芮城,小时数据,2024-12-27 17,2024-12-27 17:00:45,000,978.5,1042.3,2.8,1.7,23,30000,0.0,-,296,2.1,280,2.8,0.4,1.6,-,-,30000
57053/芮城,小时数据,2024-12-27 16,2024-12-27 16:00:43,000,978.4,1041.9,3.4,1.8,23,30000,0.0,-,261,4.4,262,4.6,5.4,7.8,-,-,29900
57053/芮城,小时数据,2024-12-27 15,2024-12-27 15:00:45,000,978.4,1041.9,3.4,1.8,23,30000,0.0,-,286,4.4,286,5.0,9.1,10.8,-,-,26000
57053/芮城,小时数据,2024-12-27 14,2024-12-27 14:00:46,000,978.4,1042.0,3.6,1.9,24,26490,0.0,-,310,3.7,346,3.7,11.7,12.5,-,-,29500
57053/芮城,小时数据,2024-12-27 13,2024-12-27 13:00:39,000,979.0,1042.8,2.9,2.0,27,28489,0.0,-,236,6.4,253,5.2,10.5,10.5,-,-,25200
57053/芮城,小时数据,2024-12-27 12,2024-12-27 12:00:39,000,980.0,1043.7,2.9,1.9,25,30000,0.0,-,316,4.0,305,3.4,9.3,10.9,-,-,30000
57053/芮城,小时数据,2024-12-27 11,2024-12-27 11:00:44,000,980.9,1044.7,2.1,1.8,26,30000,0.0,-,340,2.7,330,2.1,5.5,8.4,-,-,30000
57053/芮城,小时数据,2024-12-27 10,2024-12-27 10:00:44,000,980.6,1044.2,1.1,1.9,28,30000,0.0,-,5,1.2,13,2.2,2.3,5.4,-,-,29300
57053/芮城,小时数据,2024-12-27 09,2024-12-27 09:00:44,000,979.6,1043.1,0.5,1.8,28,30000,0.0,-,357,4.5,358,4.9,-0.9,1.0,-,-,30000
57053/芮城,小时数据,2024-12-27 08,2024-12-27 08:00:38,000,977.8,1041.1,0.4,1.7,27,30000,0.0,-,350,4.8,347,5.5,-3.0,-1.3,-,-,30000
57053/芮城,小时数据,2024-12-27 07,2024-12-27 07:00:44,000,976.5,1039.8,0.9,1.6,25,30000,0.0,-,350,3.6,342,2.5,-4.2,-2.5,-,-,30000
57053/芮城,小时数据,2024-12-27 06,2024-12-27 06:00:45,000,975.1,1038.4,-1.4,2.1,38,29220,0.0,-,337,2.8,345,1.5,-5.6,-7.1,-,-,18800
57053/芮城,小时数据,2024-12-27 05,2024-12-27 05:00:45,000,974.8,1038.0,-3.3,2.6,55,10408,0.0,-,215,1.0,209,1.5,-5.6,-10.0,-,-,10400
57053/芮城,小时数据,2024-12-27 04,2024-12-27 04:00:45,000,974.9,1037.6,-1.4,2.6,48,12615,0.0,-,153,0.3,197,0.9,-4.7,-8.4,-,-,11700
57053/芮城,小时数据,2024-12-27 03,2024-12-27 03:00:38,000,974.7,1037.4,-0.9,2.7,48,9254,0.0,-,24,0.7,22,0.7,-3.6,-5.9,-,-,9200
57053/芮城,小时数据,2024-12-27 02,2024-12-27 02:00:39,000,974.3,1037.2,-2.3,2.8,55,7975,0.0,-,184,2.4,109,1.6,-4.0,-5.4,-,-,8000
57053/芮城,小时数据,2024-12-27 01,2024-12-27 01:00:44,000,973.6,1036.4,-2.5,2.7,53,8447,0.0,-,168,1.3,104,0.9,-4.9,-8.5,-,-,8500
57053/芮城,小时数据,2024-12-27 00,2024-12-27 00:01:03,000,974.1,1037.0,-1.5,2.7,50,9108,0.0,-,310,1.1,303,0.9,-4.9,-9.8,-,-,8800
57053/芮城,小时数据,2024-12-26 23,2024-12-26 23:00:38,000,973.3,1036.3,-1.0,2.7,48,8906,0.0,-,196,2.2,225,1.4,-4.6,-8.8,-,-,8600
57053/芮城,小时数据,2024-12-26 22,2024-12-26 22:00:39,000,972.4,1035.5,1.5,2.7,39,9087,0.0,-,93,1.5,76,2.0,-3.9,-5.7,-,-,8600
57053/芮城,小时数据,2024-12-26 21,2024-12-26 21:00:40,000,971.2,1034.6,2.0,2.8,39,8822,0.0,-,75,1.8,66,1.5,-3.7,-7.7,-,-,8300
57053/芮城,小时数据,2024-12-26 20,2024-12-26 20:00:46,000,970.5,1033.9,3.3,2.6,34,9007,0.0,-,32,2.5,31,2.6,-2.0,-0.6,-,-,9100
57053/芮城,小时数据,2024-12-26 19,2024-12-26 19:00:41,000,969.6,1033.0,2.4,2.6,36,10069,0.0,-,13,2.1,4,2.0,-2.7,-4.5,-,-,10300
57053/芮城,小时数据,2024-12-26 18,2024-12-26 18:00:44,000,968.6,1031.8,3.8,2.5,31,12189,0.0,-,356,1.9,350,2.0,-2.1,-5.6,-,-,10900
57053/芮城,小时数据,2024-12-26 17,2024-12-26 17:00:44,000,967.7,1030.4,6.1,2.1,22,27599,0.0,-,96,1.3,104,1.4,1.7,0.7,-,-,27500
57053/芮城,小时数据,2024-12-26 16,2024-12-26 16:00:44,000,967.7,1030.1,8.2,2.3,21,28601,0.0,-,98,2.2,115,2.7,8.4,12.4,-,-,25000
57053/芮城,小时数据,2024-12-26 15,2024-12-26 15:00:44,000,968.0,1030.4,8.1,2.1,19,26235,0.0,-,93,2.2,79,2.4,12.1,14.6,-,-,30000
57053/芮城,小时数据,2024-12-26 14,2024-12-26 14:00:43,000,968.7,1031.3,7.7,2.0,19,27593,0.0,-,96,2.7,85,2.2,13.5,16.4,-,-,19600
57053/芮城,小时数据,2024-12-26 13,2024-12-26 13:00:42,000,970.3,1032.9,7.8,2.0,19,28058,0.0,-,114,1.0,98,1.4,17.0,19.5,-,-,19700
57053/芮城,小时数据,2024-12-26 12,2024-12-26 12:00:39,000,972.1,1035.1,6.6,2.6,27,12923,0.0,-,149,1.3,164,1.1,12.7,17.4,-,-,10900
57053/芮城,小时数据,2024-12-26 11,2024-12-26 11:00:39,000,973.5,1036.9,4.4,3.3,40,6987,0.0,-,205,1.0,183,1.0,9.3,14.9,-,-,6300
57053/芮城,小时数据,2024-12-26 10,2024-12-26 10:00:44,000,974.1,1037.9,1.1,3.5,53,5888,0.0,-,115,1.5,133,1.3,3.2,8.9,-,-,4700
57053/芮城,小时数据,2024-12-26 09,2024-12-26 09:00:48,000,973.8,1037.9,-3.1,3.3,67,6295,0.0,-,93,1.8,101,0.9,-3.7,-2.9,-,-,5700
57053/芮城,小时数据,2024-12-26 08,2024-12-26 08:00:45,000,973.2,1037.3,-4.2,2.9,65,7456,0.0,-,354,2.2,341,1.8,-5.6,-8.2,-,-,8200
57053/芮城,小时数据,2024-12-26 07,2024-12-26 07:00:44,000,972.7,1036.6,-4.4,3.0,69,9652,0.0,-,PPC,0.0,7,0.4,-5.3,-8.4,-,-,8500
57053/芮城,小时数据,2024-12-26 06,2024-12-26 06:00:43,000,972.5,1036.1,-4.4,3.0,69,11068,0.0,-,264,0.5,215,0.5,-4.4,-7.0,-,-,10100
57053/芮城,小时数据,2024-12-26 05,2024-12-26 05:00:44,000,972.0,1035.0,-3.2,3.1,64,9194,0.0,-,320,1.1,317,1.1,-4.5,-8.0,-,-,9700
57053/芮城,小时数据,2024-12-26 04,2024-12-26 04:00:39,000,972.4,1035.2,-2.4,3.0,59,10926,0.0,-,4,1.7,7,1.6,-3.7,-5.5,-,-,10400
57053/芮城,小时数据,2024-12-26 03,2024-12-26 03:00:44,000,972.3,1035.1,-2.5,3.0,59,10066,0.0,-,194,2.0,178,2.1,-3.5,-4.8,-,-,11000
57053/芮城,小时数据,2024-12-26 02,2024-12-26 02:00:39,000,972.7,1035.6,-2.9,3.0,60,13851,0.0,-,304,1.1,328,1.4,-3.7,-5.9,-,-,12300
57053/芮城,小时数据,2024-12-26 01,2024-12-26 01:00:41,000,972.7,1035.7,-2.7,2.8,56,14327,0.0,-,274,1.0,292,1.4,-3.7,-5.8,-,-,14200
57053/芮城,小时数据,2024-12-26 00,2024-12-26 00:00:39,000,972.5,1035.8,-3.8,2.8,61,11160,0.0,-,336,1.6,283,1.1,-4.9,-7.5,-,-,10300
57053/芮城,小时数据,2024-12-25 23,2024-12-25 23:00:38,000,972.3,1035.8,-3.9,2.7,58,10740,0.0,-,215,1.8,193,0.9,-5.4,-8.9,-,-,11900
57053/芮城,小时数据,2024-12-25 22,2024-12-25 22:00:38,000,972.0,1035.8,-3.8,2.5,54,12596,0.0,-,295,1.3,308,1.5,-5.1,-9.4,-,-,11800
57053/芮城,小时数据,2024-12-25 21,2024-12-25 21:00:38,000,971.8,1035.8,-2.4,2.8,55,7685,0.0,-,17,0.5,339,0.6,-4.6,-8.7,-,-,6600
57053/芮城,小时数据,2024-12-25 20,2024-12-25 20:00:46,000,970.9,1035.1,-1.7,3.0,56,6608,0.0,-,2,0.7,328,0.8,-4.4,-8.8,-,-,6400
57053/芮城,小时数据,2024-12-25 19,2024-12-25 19:00:44,000,970.1,1034.0,0.2,3.2,52,5442,0.0,-,42,0.8,8,1.4,-3.8,-6.8,-,-,5600
57053/芮城,小时数据,2024-12-25 18,2024-12-25 18:00:45,000,969.0,1032.6,2.7,3.4,46,7032,0.0,-,282,1.1,271,1.8,-3.5,-5.9,-,-,4100
57053/芮城,小时数据,2024-12-25 17,2024-12-25 17:00:40,000,968.4,1031.6,5.8,3.2,35,8726,0.0,-,241,1.9,235,2.1,1.5,2.3,-,-,9400
57053/芮城,小时数据,2024-12-25 16,2024-12-25 16:00:45,000,967.7,1030.6,7.4,3.3,32,9142,0.0,-,251,2.6,224,2.1,7.6,11.3,-,-,8800
57053/芮城,小时数据,2024-12-25 15,2024-12-25 15:00:39,000,967.3,1030.3,7.5,3.3,32,9541,0.0,-,256,2.6,257,2.6,11.9,14.9,-,-,8800
57053/芮城,小时数据,2024-12-25 14,2024-12-25 14:00:52,000,967.4,1030.4,7.4,3.4,33,9555,0.0,-,207,2.9,207,2.9,12.2,14.1,-,-,9200
57053/芮城,小时数据,2024-12-25 13,2024-12-25 13:00:39,000,968.5,1031.7,5.8,3.6,39,7400,0.0,-,236,3.6,245,3.7,11.2,12.0,-,-,6400
57053/芮城,小时数据,2024-12-25 12,2024-12-25 12:00:49,000,969.4,1032.8,4.4,3.7,44,6710,0.0,-,242,2.5,238,3.1,9.7,12.2,-,-,6300
57053/芮城,小时数据,2024-12-25 11,2024-12-25 11:00:43,000,970.0,1033.5,3.1,3.7,49,5839,0.0,-,243,2.4,242,2.2,7.6,12.3,-,-,5400
57053/芮城,小时数据,2024-12-25 10,2024-12-25 10:00:45,000,970.0,1033.9,0.0,3.7,60,4940,0.0,-,228,0.8,200,1.1,2.9,7.5,-,-,4500
57053/芮城,小时数据,2024-12-25 09,2024-12-25 09:00:38,000,969.6,1033.8,-3.0,3.7,76,5257,0.0,-,340,1.3,338,1.2,-1.1,-0.2,-,-,4700
57053/芮城,小时数据,2024-12-25 08,2024-12-25 08:00:43,000,969.3,1033.6,-5.6,3.3,81,5743,0.0,-,338,0.5,341,0.7,-4.7,-6.5,-,-,5400
57053/芮城,小时数据,2024-12-25 07,2024-12-25 07:00:37,000,968.5,1032.6,-6.1,3.1,81,6556,0.0,-,50,0.9,36,1.1,-5.8,-8.8,-,-,6400
57053/芮城,小时数据,2024-12-25 06,2024-12-25 06:00:37,000,967.9,1031.8,-6.0,3.0,78,7424,0.0,-,218,0.9,277,0.9,-5.9,-9.7,-,-,7100
57053/芮城,小时数据,2024-12-25 05,2024-12-25 05:00:37,000,967.6,1031.0,-6.3,3.2,83,6774,0.0,-,349,0.6,338,0.9,-6.0,-9.7,-,-,6500
57053/芮城,小时数据,2024-12-25 04,2024-12-25 04:00:44,000,967.3,1030.6,-6.3,3.2,83,6808,0.0,-,PPC,0.0,60,0.6,-5.4,-8.8,-,-,6600
57053/芮城,小时数据,2024-12-25 03,2024-12-25 03:00:48,000,967.7,1031.1,-6.9,3.0,81,6846,0.0,-,82,0.7,28,1.1,-6.1,-10.0,-,-,6400
57053/芮城,小时数据,2024-12-25 02,2024-12-25 02:00:47,000,968.2,1031.7,-6.9,3.0,82,6481,0.0,-,351,1.4,23,1.0,-6.1,-10.1,-,-,5700
57053/芮城,小时数据,2024-12-25 01,2024-12-25 01:00:45,000,968.1,1031.7,-6.7,2.9,78,6153,0.0,-,332,0.7,356,0.9,-6.2,-11.2,-,-,6000
57053/芮城,小时数据,2024-12-25 00,2024-12-25 00:00:39,000,968.0,1031.6,-6.2,2.8,74,6375,0.0,-,342,1.2,338,1.2,-5.8,-10.7,-,-,6200
57053/芮城,小时数据,2024-12-24 23,2024-12-24 23:00:38,000,968.2,1031.8,-5.4,3.0,74,6647,0.0,-,360,1.0,340,1.7,-5.5,-10.0,-,-,6500
57053/芮城,小时数据,2024-12-24 22,2024-12-24 22:00:45,000,967.6,1031.3,-5.3,3.0,72,6441,0.0,-,353,1.3,350,1.3,-5.1,-10.0,-,-,6600
57053/芮城,小时数据,2024-12-24 21,2024-12-24 21:00:38,000,967.8,1031.6,-5.0,3.0,72,6110,0.0,-,351,1.1,359,1.2,-4.9,-10.1,-,-,6000
57053/芮城,小时数据,2024-12-24 20,2024-12-24 20:00:38,000,967.1,1030.9,-4.1,3.0,66,5660,0.0,-,345,1.2,352,1.4,-4.5,-9.2,-,-,6100
57053/芮城,小时数据,2024-12-24 19,2024-12-24 19:00:46,000,966.1,1029.7,-2.3,3.3,63,6205,0.0,-,350,1.4,341,1.3,-4.0,-9.3,-,-,5800
57053/芮城,小时数据,2024-12-24 18,2024-12-24 18:00:38,000,965.4,1028.8,-0.8,3.1,53,8160,0.0,-,266,0.7,263,0.3,-3.3,-7.4,-,-,7700
57053/芮城,小时数据,2024-12-24 17,2024-12-24 17:00:38,000,965.1,1028.0,3.6,3.2,40,9214,0.0,-,52,0.8,48,0.8,0.6,-0.9,-,-,9300
57053/芮城,小时数据,2024-12-24 16,2024-12-24 16:00:47,000,965.2,1028.0,4.3,3.2,39,9195,0.0,-,141,0.9,124,1.1,6.3,9.8,-,-,9200
57053/芮城,小时数据,2024-12-24 15,2024-12-24 15:00:47,000,965.7,1028.5,4.3,3.2,39,9148,0.0,-,183,1.5,109,1.2,8.4,12.4,-,-,9500
57053/芮城,小时数据,2024-12-24 14,2024-12-24 14:00:38,000,966.6,1029.8,3.3,2.9,38,10675,0.0,-,156,0.5,153,1.0,6.9,8.5,-,-,10000
57053/芮城,小时数据,2024-12-24 13,2024-12-24 13:00:39,000,967.8,1031.3,2.4,3.0,41,10693,0.0,-,176,0.8,151,0.9,4.3,5.9,-,-,10000
57053/芮城,小时数据,2024-12-24 12,2024-12-24 12:00:47,000,969.1,1032.9,1.7,3.0,44,10180,0.0,-,173,0.5,166,0.6,3.9,5.6,-,-,10000
57053/芮城,小时数据,2024-12-24 11,2024-12-24 11:00:46,000,970.1,1034.0,0.9,3.0,46,9968,0.0,-,87,1.2,93,1.2,2.3,3.2,-,-,10400
57053/芮城,小时数据,2024-12-24 10,2024-12-24 10:00:43,000,970.6,1034.6,0.0,3.2,52,8756,0.0,-,PPC,0.2,344,0.4,2.5,5.6,-,-,7900
57053/芮城,小时数据,2024-12-24 09,2024-12-24 09:00:38,000,970.2,1034.2,-1.1,3.2,56,10080,0.0,-,74,1.2,10,0.7,-0.4,0.6,-,-,9000
57053/芮城,小时数据,2024-12-24 08,2024-12-24 08:00:39,000,969.8,1033.6,-2.1,3.1,59,8155,0.0,-,70,1.0,97,0.8,-2.2,-2.7,-,-,7900
57053/芮城,小时数据,2024-12-24 07,2024-12-24 07:00:38,000,969.5,1033.4,-2.8,3.2,64,8257,0.0,-,145,0.6,324,0.4,-2.8,-4.1,-,-,7600
57053/芮城,小时数据,2024-12-24 06,2024-12-24 06:00:45,000,969.1,1032.6,-3.2,3.3,68,7680,0.0,-,PPC,0.0,9,0.4,-2.8,-4.3,-,-,7600
57053/芮城,小时数据,2024-12-24 05,2024-12-24 05:00:45,000,969.9,1033.2,-3.2,3.2,66,8444,0.0,-,PPC,0.2,323,0.7,-3.0,-4.7,-,-,8300
57053/芮城,小时数据,2024-12-24 04,2024-12-24 04:00:37,000,970.1,1033.2,-3.2,3.0,63,9128,0.0,-,358,1.0,1,0.8,-3.0,-4.7,-,-,8700
57053/芮城,小时数据,2024-12-24 03,2024-12-24 03:00:45,000,970.5,1033.7,-3.5,3.0,63,9056,0.0,-,12,1.1,10,1.2,-3.1,-5.0,-,-,8700
57053/芮城,小时数据,2024-12-24 02,2024-12-24 02:00:39,000,971.2,1034.7,-4.6,2.9,67,9770,0.0,-,82,0.9,77,1.1,-3.4,-5.3,-,-,9700
57053/芮城,小时数据,2024-12-24 01,2024-12-24 01:00:48,000,971.6,1035.3,-6.3,2.8,74,8368,0.0,-,30,0.9,33,0.9,-4.1,-6.5,-,-,8400
57053/芮城,小时数据,2024-12-24 00,2024-12-24 00:01:04,000,971.5,1035.4,-7.3,2.6,73,9281,0.0,-,335,1.5,334,1.5,-6.2,-11.2,-,-,7900
57053/芮城,小时数据,2024-12-23 23,2024-12-23 23:00:44,000,971.4,1035.3,-6.8,2.6,71,8148,0.0,-,16,0.9,40,0.7,-5.9,-11.4,-,-,7600
57053/芮城,小时数据,2024-12-23 22,2024-12-23 22:00:37,000,971.2,1035.4,-5.9,2.6,67,7766,0.0,-,27,0.6,109,0.7,-5.6,-11.2,-,-,7800
57053/芮城,小时数据,2024-12-23 21,2024-12-23 21:00:46,000,970.6,1035.0,-5.3,2.6,63,7994,0.0,-,341,1.1,345,1.1,-5.1,-10.7,-,-,8200
57053/芮城,小时数据,2024-12-23 20,2024-12-23 20:00:49,000,969.8,1034.4,-2.8,2.7,54,8831,0.0,-,333,1.3,334,1.4,-4.7,-10.3,-,-,8600
57053/芮城,小时数据,2024-12-23 19,2024-12-23 19:00:44,000,968.8,1033.3,-3.1,2.6,54,7874,0.0,-,355,1.5,2,1.4,-4.3,-10.1,-,-,7300
57053/芮城,小时数据,2024-12-23 18,2024-12-23 18:00:38,000,967.9,1031.9,0.2,2.6,42,10627,0.0,-,183,0.7,194,0.9,-3.6,-9.3,-,-,10700
57053/芮城,小时数据,2024-12-23 17,2024-12-23 17:00:47,000,967.3,1030.9,2.9,2.6,34,13749,0.0,-,219,1.7,207,1.5,-0.3,-0.9,-,-,12800
57053/芮城,小时数据,2024-12-23 16,2024-12-23 16:00:46,000,967.4,1030.7,4.0,2.5,31,15295,0.0,-,249,2.9,244,2.6,5.1,7.7,-,-,13600
57053/芮城,小时数据,2024-12-23 15,2024-12-23 15:00:39,000,967.4,1030.6,3.8,2.6,32,13452,0.0,-,228,3.4,236,4.0,8.6,10.7,-,-,12800
57053/芮城,小时数据,2024-12-23 14,2024-12-23 14:00:46,000,967.6,1030.6,3.3,2.6,34,12375,0.0,-,231,4.5,238,4.4,7.7,8.9,-,-,12600
57053/芮城,小时数据,2024-12-23 13,2024-12-23 13:00:46,000,968.0,1031.0,3.5,2.4,31,13456,0.0,-,247,3.2,229,3.4,13.2,13.1,-,-,13100
57053/芮城,小时数据,2024-12-23 12,2024-12-23 12:00:40,000,968.8,1032.0,2.7,2.2,30,14107,0.0,-,286,1.2,193,1.2,10.9,12.2,-,-,14500
57053/芮城,小时数据,2024-12-23 11,2024-12-23 11:00:47,000,969.7,1033.2,1.6,2.5,36,12642,0.0,-,113,2.0,114,1.8,8.5,10.5,-,-,13500
57053/芮城,小时数据,2024-12-23 10,2024-12-23 10:00:49,000,970.0,1033.7,-1.2,2.6,46,12111,0.0,-,105,1.4,101,1.5,2.5,6.4,-,-,9700
57053/芮城,小时数据,2024-12-23 09,2024-12-23 09:00:43,000,969.5,1033.4,-4.1,2.7,60,7079,0.0,-,110,0.6,90,0.6,-3.1,0.5,-,-,7400
57053/芮城,小时数据,2024-12-23 08,2024-12-23 08:00:45,000,969.2,1033.6,-8.3,2.5,75,11065,0.0,-,44,0.7,38,0.7,-7.0,-10.4,-,-,11100
57053/芮城,小时数据,2024-12-23 07,2024-12-23 07:00:39,000,968.9,1033.1,-8.3,2.4,72,15368,0.0,-,49,0.4,PPC,0.0,-7.4,-12.5,-,-,15000
57053/芮城,小时数据,2024-12-23 06,2024-12-23 06:00:42,000,968.6,1032.7,-7.9,2.4,71,14112,0.0,-,340,1.1,344,1.3,-6.9,-11.6,-,-,15200
57053/芮城,小时数据,2024-12-23 05,2024-12-23 05:00:40,000,968.3,1032.2,-7.6,2.5,71,15849,0.0,-,349,1.5,350,1.5,-6.6,-11.5,-,-,13900
57053/芮城,小时数据,2024-12-23 04,2024-12-23 04:00:37,000,968.3,1032.0,-6.0,2.7,69,13194,0.0,-,9,1.2,52,0.9,-6.0,-10.8,-,-,12100
57053/芮城,小时数据,2024-12-23 03,2024-12-23 03:00:44,000,968.4,1031.9,-4.7,2.8,64,14263,0.0,-,138,0.4,194,0.4,-5.1,-10.3,-,-,13600
57053/芮城,小时数据,2024-12-23 02,2024-12-23 02:00:40,000,968.1,1031.4,-3.0,3.0,61,14031,0.0,-,350,0.7,PPC,0.2,-2.7,-4.9,-,-,12900
57053/芮城,小时数据,2024-12-23 01,2024-12-23 01:00:54,000,968.4,1031.7,-2.8,2.9,59,13196,0.0,-,315,0.7,340,0.7,-2.1,-3.8,-,-,11600
57053/芮城,小时数据,2024-12-23 00,2024-12-23 00:00:42,000,968.5,1032.0,-3.3,2.8,59,11211,0.0,-,344,1.5,351,1.2,-2.2,-4.0,-,-,9400
57053/芮城,小时数据,2024-12-22 23,2024-12-22 23:00:38,000,968.8,1032.4,-4.0,2.9,63,9775,0.0,-,3,0.8,2,1.0,-3.1,-6.2,-,-,9600
57053/芮城,小时数据,2024-12-22 22,2024-12-22 22:00:44,000,968.6,1032.2,-3.1,2.8,58,9490,0.0,-,151,0.4,131,0.3,-3.3,-7.4,-,-,9300
57053/芮城,小时数据,2024-12-22 21,2024-12-22 21:00:45,000,968.4,1032.1,-1.9,2.8,52,9188,0.0,-,21,0.6,61,0.6,-1.9,-4.5,-,-,9300
57053/芮城,小时数据,2024-12-22 20,2024-12-22 20:00:47,000,968.2,1032.8,-1.5,2.7,50,9535,0.0,-,354,0.6,349,0.4,-1.6,-3.6,-,-,9300
57053/芮城,小时数据,2024-12-22 19,2024-12-22 19:00:40,000,967.8,1032.3,-0.8,2.5,44,11668,0.0,-,127,0.3,182,0.6,-1.3,-3.2,-,-,11800
57053/芮城,小时数据,2024-12-22 18,2024-12-22 18:00:41,000,967.4,1031.8,-0.4,2.4,41,15635,0.0,-,263,1.3,257,1.6,-1.4,-2.0,-,-,14500
57053/芮城,小时数据,2024-12-22 17,2024-12-22 17:00:40,000,967.2,1031.4,0.9,2.5,38,15953,0.0,-,213,2.0,221,1.6,0.8,1.1,-,-,16200
57053/芮城,小时数据,2024-12-22 16,2024-12-22 16:00:47,000,967.3,1031.3,1.3,2.5,37,16926,0.0,-,242,1.6,253,1.4,3.5,4.0,-,-,17000
57053/芮城,小时数据,2024-12-22 15,2024-12-22 15:00:46,000,967.5,1031.4,1.4,2.4,36,19224,0.0,-,190,1.7,196,1.8,5.8,6.0,-,-,17000
57053/芮城,小时数据,2024-12-22 14,2024-12-22 14:00:39,000,967.4,1031.3,1.7,2.4,35,19802,0.0,-,147,1.6,166,2.0,6.4,7.0,-,-,19100
57053/芮城,小时数据,2024-12-22 13,2024-12-22 13:00:44,000,968.5,1032.4,1.2,2.1,31,25201,0.0,-,132,1.7,123,2.1,5.5,6.3,-,-,23700
57053/芮城,小时数据,2024-12-22 12,2024-12-22 12:00:45,000,969.8,1033.8,0.4,1.9,30,22127,0.0,-,111,4.0,109,3.5,3.1,4.0,-,-,21700
57053/芮城,小时数据,2024-12-22 11,2024-12-22 11:00:46,000,970.5,1034.6,0.2,2.0,32,25716,0.0,-,73,4.1,70,4.9,3.5,4.3,-,-,23000
57053/芮城,小时数据,2024-12-22 10,2024-12-22 10:00:46,000,971.6,1035.9,-1.2,2.0,35,22735,0.0,-,82,4.3,79,4.6,-0.7,1.1,-,-,23400
57053/芮城,小时数据,2024-12-22 09,2024-12-22 09:00:39,000,972.0,1036.4,-2.7,2.2,43,21516,0.0,-,61,3.3,71,3.2,-4.5,-0.9,-,-,22200
57053/芮城,小时数据,2024-12-22 08,2024-12-22 08:00:45,000,972.0,1037.4,-10.9,2.0,74,15266,0.0,-,14,1.3,33,1.2,-8.5,-12.7,-,-,18100
57053/芮城,小时数据,2024-12-22 07,2024-12-22 07:00:44,000,972.0,1037.1,-11.0,1.9,71,30000,0.0,-,PPC,0.0,PPC,0.0,-8.7,-13.9,-,-,30000
57053/芮城,小时数据,2024-12-22 06,2024-12-22 06:00:44,000,971.7,1036.6,-10.9,1.8,68,30000,0.0,-,201,1.1,184,1.2,-8.8,-14.5,-,-,30000
57053/芮城,小时数据,2024-12-22 05,2024-12-22 05:00:47,000,972.0,1036.5,-10.4,1.9,67,30000,0.0,-,17,1.5,13,1.1,-8.6,-14.5,-,-,30000
57053/芮城,小时数据,2024-12-22 04,2024-12-22 04:00:39,000,972.5,1036.6,-9.1,1.9,63,30000,0.0,-,102,1.3,92,1.3,-8.1,-14.1,-,-,30000
57053/芮城,小时数据,2024-12-22 03,2024-12-22 03:00:38,000,972.2,1036.2,-8.0,1.9,56,30000,0.0,-,357,1.7,3,2.3,-7.7,-12.8,-,-,30000
57053/芮城,小时数据,2024-12-22 02,2024-12-22 02:00:39,000,972.5,1036.5,-8.5,2.0,63,27366,0.0,-,358,1.3,9,1.3,-7.0,-12.8,-,-,25800
57053/芮城,小时数据,2024-12-22 01,2024-12-22 01:00:49,000,972.7,1036.7,-7.5,2.0,58,25000,0.0,-,131,0.5,PPC,0.2,-6.6,-12.4,-,-,23200
57053/芮城,小时数据,2024-12-22 00,2024-12-22 00:00:42,000,973.5,1037.5,-6.6,2.1,55,26411,0.0,-,344,1.3,347,1.3,-5.7,-10.6,-,-,23800
57053/芮城,小时数据,2024-12-21 23,2024-12-21 23:00:38,000,973.5,1037.8,-7.1,2.0,57,17454,0.0,-,340,2.3,349,2.0,-6.2,-11.5,-,-,16400
57053/芮城,小时数据,2024-12-21 22,2024-12-21 22:00:44,000,973.1,1037.4,-6.6,2.0,53,20499,0.0,-,14,0.8,1,1.6,-5.6,-11.2,-,-,20600
57053/芮城,小时数据,2024-12-21 21,2024-12-21 21:00:44,000,973.0,1037.3,-5.8,1.9,49,22290,0.0,-,337,1.1,348,1.4,-5.5,-11.4,-,-,21400
57053/芮城,小时数据,2024-12-21 20,2024-12-21 20:00:46,000,973.1,1037.9,-5.4,1.9,47,14856,0.0,-,347,1.8,21,1.4,-5.4,-11.8,-,-,14900
57053/芮城,小时数据,2024-12-21 19,2024-12-21 19:00:44,000,972.2,1036.7,-3.5,1.8,39,18547,0.0,-,2,1.3,15,1.2,-5.0,-11.8,-,-,19800
57053/芮城,小时数据,2024-12-21 18,2024-12-21 18:00:44,000,972.2,1036.2,-1.8,1.7,32,28201,0.0,-,274,1.7,250,1.8,-4.3,-10.2,-,-,27900
57053/芮城,小时数据,2024-12-21 17,2024-12-21 17:00:45,000,972.1,1035.7,1.1,1.6,24,30000,0.0,-,234,2.3,226,2.4,-0.7,-0.4,-,-,30000
57053/芮城,小时数据,2024-12-21 16,2024-12-21 16:00:41,000,972.0,1035.3,2.8,1.6,21,30000,0.0,-,235,2.2,225,2.4,5.4,8.7,-,-,30000
57053/芮城,小时数据,2024-12-21 15,2024-12-21 15:00:41,000,971.8,1035.0,2.8,1.5,20,30000,0.0,-,209,3.8,221,3.4,9.9,11.7,-,-,30000
57053/芮城,小时数据,2024-12-21 14,2024-12-21 14:00:46,000,972.4,1035.5,3.2,1.5,20,30000,0.0,-,197,3.4,205,3.0,13.3,13.8,-,-,30000
57053/芮城,小时数据,2024-12-21 13,2024-12-21 13:00:44,000,973.6,1036.7,2.9,1.5,20,30000,0.0,-,243,3.8,201,2.3,13.6,14.0,-,-,30000
57053/芮城,小时数据,2024-12-21 12,2024-12-21 12:00:40,000,974.8,1038.1,1.7,1.5,22,30000,0.0,-,183,2.1,137,1.5,11.1,14.0,-,-,30000
57053/芮城,小时数据,2024-12-21 11,2024-12-21 11:00:38,000,975.5,1038.9,0.4,1.6,26,30000,0.0,-,199,2.1,218,2.2,8.0,11.5,-,-,30000
57053/芮城,小时数据,2024-12-21 10,2024-12-21 10:00:45,000,975.4,1038.9,-0.9,1.7,30,30000,0.0,-,224,2.0,201,2.0,3.4,9.2,-,-,30000
57053/芮城,小时数据,2024-12-21 09,2024-12-21 09:00:46,000,975.1,1038.7,-1.5,1.4,26,30000,0.0,-,217,0.7,168,0.9,-3.1,5.2,-,-,30000
57053/芮城,小时数据,2024-12-21 08,2024-12-21 08:00:48,000,974.8,1039.0,-5.5,1.4,34,30000,0.0,-,305,1.5,298,1.6,-7.7,-10.5,-,-,30000
57053/芮城,小时数据,2024-12-21 07,2024-12-21 07:00:42,000,974.1,1038.5,-5.5,1.4,35,30000,0.0,-,197,1.8,187,1.6,-7.7,-13.6,-,-,30000
57053/芮城,小时数据,2024-12-21 06,2024-12-21 06:00:41,000,973.2,1036.9,-3.1,1.3,26,30000,0.0,-,80,1.3,78,1.1,-6.3,-9.3,-,-,30000
57053/芮城,小时数据,2024-12-21 05,2024-12-21 05:00:38,000,972.8,1036.1,-2.8,1.2,25,30000,0.0,-,328,1.5,329,2.4,-6.0,-7.3,-,-,30000
57053/芮城,小时数据,2024-12-21 04,2024-12-21 04:00:38,000,972.3,1035.4,-2.3,1.3,25,30000,0.0,-,320,1.9,323,2.6,-5.7,-7.0,-,-,30000
57053/芮城,小时数据,2024-12-21 03,2024-12-21 03:00:43,000,972.0,1034.9,-1.8,1.3,24,30000,0.0,-,320,2.8,316,2.5,-5.3,-5.2,-,-,30000
57053/芮城,小时数据,2024-12-21 02,2024-12-21 02:00:37,000,971.7,1034.5,-0.5,1.4,24,30000,0.0,-,7,3.3,9,3.8,-4.0,-2.9,-,-,30000
57053/芮城,小时数据,2024-12-21 01,2024-12-21 01:00:40,000,971.4,1034.2,-0.1,1.5,25,30000,0.0,-,356,4.1,360,4.1,-3.8,-2.4,-,-,30000
57053/芮城,小时数据,2024-12-21 00,2024-12-21 00:01:00,000,970.9,1033.7,0.4,1.6,25,30000,0.0,-,13,3.3,359,4.0,-4.0,-2.0,-,-,30000
57053/芮城,小时数据,2024-12-20 23,2024-12-20 23:00:40,000,970.3,1033.2,1.3,1.7,25,30000,0.0,-,340,3.2,358,3.1,-3.5,-3.4,-,-,30000
57053/芮城,小时数据,2024-12-20 22,2024-12-20 22:00:47,000,969.5,1032.6,1.3,1.9,29,27846,0.0,-,343,4.0,346,4.0,-3.2,-1.7,-,-,21500
57053/芮城,小时数据,2024-12-20 21,2024-12-20 21:00:51,000,968.9,1032.4,1.4,2.3,34,19759,0.0,-,1,3.3,351,3.2,-3.2,-1.6,-,-,19500
57053/芮城,小时数据,2024-12-20 20,2024-12-20 20:00:37,000,968.2,1032.0,-0.3,2.5,42,17761,0.0,-,347,2.2,352,2.3,-3.9,-6.9,-,-,15500
57053/芮城,小时数据,2024-12-20 19,2024-12-20 19:00:43,000,967.3,1031.3,-2.3,2.6,51,12301,0.0,-,31,1.1,23,1.1,-4.0,-10.2,-,-,11800
57053/芮城,小时数据,2024-12-20 18,2024-12-20 18:00:46,000,966.1,1029.7,0.5,2.7,43,12241,0.0,-,15,1.7,359,1.4,-3.5,-8.4,-,-,12800
57053/芮城,小时数据,2024-12-20 17,2024-12-20 17:00:41,000,965.4,1028.7,3.7,2.5,32,17412,0.0,-,206,1.3,218,1.8,0.8,-0.4,-,-,16400
57053/芮城,小时数据,2024-12-20 16,2024-12-20 16:00:44,000,965.3,1028.5,5.0,2.4,28,16982,0.0,-,227,2.3,254,2.0,6.0,8.9,-,-,15400
57053/芮城,小时数据,2024-12-20 15,2024-12-20 15:00:39,000,965.2,1028.4,5.2,2.9,33,11535,0.0,-,243,1.5,231,2.1,10.1,12.3,-,-,12300
57053/芮城,小时数据,2024-12-20 14,2024-12-20 14:00:47,000,965.4,1028.7,4.6,2.8,33,13662,0.0,-,257,2.3,260,2.1,12.3,13.7,-,-,12800
57053/芮城,小时数据,2024-12-20 13,2024-12-20 13:00:45,000,966.0,1029.3,4.5,2.9,34,15179,0.0,-,208,2.9,227,3.4,12.5,14.0,-,-,12500
57053/芮城,小时数据,2024-12-20 12,2024-12-20 12:00:39,000,967.1,1030.5,3.6,3.3,42,10849,0.0,-,236,2.6,224,2.5,10.4,13.5,-,-,9300
57053/芮城,小时数据,2024-12-20 11,2024-12-20 11:00:38,000,967.9,1031.5,2.0,3.5,50,8319,0.0,-,211,3.0,236,2.7,7.2,11.3,-,-,8000
57053/芮城,小时数据,2024-12-20 10,2024-12-20 10:00:44,000,967.8,1031.6,-0.2,3.6,59,7774,0.0,-,187,2.1,175,1.8,3.3,7.8,-,-,7100
57053/芮城,小时数据,2024-12-20 09,2024-12-20 09:00:45,000,966.9,1031.0,-4.5,3.4,78,6077,0.0,-,360,1.5,12,1.1,-2.3,-3.0,-,-,6400
57053/芮城,小时数据,2024-12-20 08,2024-12-20 08:00:43,000,966.1,1030.1,-5.8,3.0,76,8038,0.0,-,35,1.3,102,0.7,-5.2,-8.9,-,-,8100
57053/芮城,小时数据,2024-12-20 07,2024-12-20 07:00:43,000,965.4,1029.1,-5.3,3.0,74,9127,0.0,-,358,0.6,347,0.4,-4.8,-8.1,-,-,8300
57053/芮城,小时数据,2024-12-20 06,2024-12-20 06:00:45,000,964.8,1028.3,-5.5,3.0,75,9204,0.0,-,346,1.4,333,1.8,-4.8,-7.6,-,-,8600
57053/芮城,小时数据,2024-12-20 05,2024-12-20 05:00:41,000,964.6,1028.1,-7.1,2.7,76,8547,0.0,-,218,1.8,209,1.4,-5.4,-9.0,-,-,8400
57053/芮城,小时数据,2024-12-20 04,2024-12-20 04:00:38,000,964.8,1028.3,-7.6,2.8,80,10284,0.0,-,345,2.3,353,1.5,-6.1,-11.1,-,-,9200
57053/芮城,小时数据,2024-12-20 03,2024-12-20 03:00:48,000,965.4,1028.8,-7.4,2.7,76,9755,0.0,-,2,1.3,360,1.4,-6.1,-10.9,-,-,10400
57053/芮城,小时数据,2024-12-20 02,2024-12-20 02:00:43,000,965.6,1029.0,-7.9,2.7,81,10083,0.0,-,345,1.2,344,1.1,-5.9,-11.7,-,-,9300
57053/芮城,小时数据,2024-12-20 01,2024-12-20 01:00:51,000,965.3,1028.7,-7.4,2.7,78,9480,0.0,-,358,1.6,359,1.7,-5.5,-11.0,-,-,9600
57053/芮城,小时数据,2024-12-20 00,2024-12-20 00:01:01,000,965.8,1029.2,-6.7,2.8,75,10428,0.0,-,357,0.9,355,1.2,-5.2,-11.0,-,-,10000
57053/芮城,小时数据,2024-12-19 23,2024-12-19 23:00:43,000,966.1,1029.6,-6.1,2.8,73,11471,0.0,-,342,1.4,341,1.4,-4.9,-10.8,-,-,9900
57053/芮城,小时数据,2024-12-19 22,2024-12-19 22:00:46,000,966.3,1029.8,-5.8,2.8,71,9803,0.0,-,352,1.2,355,0.9,-4.5,-10.5,-,-,9600
57053/芮城,小时数据,2024-12-19 21,2024-12-19 21:00:47,000,966.3,1029.8,-4.6,2.9,66,9626,0.0,-,343,1.3,345,1.2,-4.2,-10.3,-,-,10600
57053/芮城,小时数据,2024-12-19 20,2024-12-19 20:00:38,000,966.1,1029.4,-2.8,2.9,59,11234,0.0,-,348,1.2,349,1.2,-3.8,-9.9,-,-,11700
57053/芮城,小时数据,2024-12-19 19,2024-12-19 19:00:43,000,965.8,1028.9,-1.3,3.0,54,12894,0.0,-,5,1.2,12,1.3,-3.5,-9.3,-,-,12000
57053/芮城,小时数据,2024-12-19 18,2024-12-19 18:00:39,000,965.3,1028.2,0.1,3.0,48,13291,0.0,-,17,1.3,4,1.6,-1.9,-5.6,-,-,12800
57053/芮城,小时数据,2024-12-19 17,2024-12-19 17:00:44,000,964.7,1027.4,1.9,2.9,42,16515,0.0,-,82,2.7,81,2.9,2.0,1.1,-,-,16000
57053/芮城,小时数据,2024-12-19 16,2024-12-19 16:00:38,000,964.2,1026.8,2.8,2.9,39,15527,0.0,-,83,3.7,83,3.2,5.7,4.9,-,-,14800
57053/芮城,小时数据,2024-12-19 15,2024-12-19 15:00:44,000,964.4,1026.9,3.5,2.8,36,17497,0.0,-,66,4.0,74,3.5,7.3,5.4,-,-,18300
57053/芮城,小时数据,2024-12-19 14,2024-12-19 14:00:41,000,965.0,1027.4,3.9,2.7,34,18607,0.0,-,79,2.8,79,3.2,10.9,10.8,-,-,19800
57053/芮城,小时数据,2024-12-19 13,2024-12-19 13:00:47,000,966.3,1028.8,3.5,2.7,35,21756,0.0,-,79,4.4,76,3.8,10.2,9.5,-,-,18900
57053/芮城,小时数据,2024-12-19 12,2024-12-19 12:00:44,000,967.8,1030.5,3.1,2.7,36,22272,0.0,-,50,3.1,50,4.2,9.4,11.2,-,-,18600
57053/芮城,小时数据,2024-12-19 11,2024-12-19 11:00:44,000,969.1,1031.9,1.9,2.7,38,25845,0.0,-,72,5.6,62,4.9,5.0,5.4,-,-,20300
57053/芮城,小时数据,2024-12-19 10,2024-12-19 10:00:37,000,969.8,1032.7,1.3,2.7,40,19796,0.0,-,66,4.9,61,4.6,2.7,3.9,-,-,19800
57053/芮城,小时数据,2024-12-19 09,2024-12-19 09:00:46,000,970.1,1033.1,0.4,2.6,42,20034,0.0,-,55,4.8,55,4.5,-0.1,0.6,-,-,19100
57053/芮城,小时数据,2024-12-19 08,2024-12-19 08:00:44,000,970.1,1033.1,-0.3,2.7,45,18885,0.0,-,53,4.3,51,4.0,-1.1,-0.5,-,-,18700
57053/芮城,小时数据,2024-12-19 07,2024-12-19 07:00:44,000,970.2,1033.2,-0.4,2.6,44,19359,0.0,-,53,3.8,51,4.3,-1.8,-1.2,-,-,18900
57053/芮城,小时数据,2024-12-19 06,2024-12-19 06:00:39,000,970.5,1033.4,-0.2,2.6,43,20140,0.0,-,47,5.1,46,4.6,-1.3,-0.6,-,-,20300
57053/芮城,小时数据,2024-12-19 05,2024-12-19 05:00:44,000,970.7,1033.6,-0.6,2.6,45,21231,0.0,-,40,5.7,41,5.5,-2.0,-1.4,-,-,20800
57053/芮城,小时数据,2024-12-19 04,2024-12-19 04:00:43,000,971.1,1033.8,-0.6,2.6,44,20152,0.0,-,43,5.7,42,5.5,-2.5,-1.8,-,-,21100
57053/芮城,小时数据,2024-12-19 03,2024-12-19 03:00:44,000,971.6,1034.2,-0.5,2.6,44,19623,0.0,-,52,5.7,50,5.6,-2.5,-1.7,-,-,20600
57053/芮城,小时数据,2024-12-19 02,2024-12-19 02:00:45,000,971.6,1034.2,-0.1,2.7,44,20877,0.0,-,50,4.9,49,4.7,-1.7,-1.1,-,-,19200
57053/芮城,小时数据,2024-12-19 01,2024-12-19 01:00:46,000,972.1,1034.8,0.2,2.7,44,20065,0.0,-,50,6.0,51,5.3,-1.5,-0.6,-,-,18100
57053/芮城,小时数据,2024-12-19 00,2024-12-19 00:01:03,000,972.6,1035.4,0.5,2.7,43,16596,0.0,-,51,4.3,50,4.6,-1.3,-0.5,-,-,15500
57053/芮城,小时数据,2024-12-18 23,2024-12-18 23:00:38,000,972.4,1035.2,1.0,2.6,40,16993,0.0,-,57,4.9,56,5.0,-1.0,0.2,-,-,16300
57053/芮城,小时数据,2024-12-18 22,2024-12-18 22:00:38,000,972.7,1035.8,1.3,2.6,39,14020,0.0,-,56,4.3,55,4.9,-0.9,0.4,-,-,14500
57053/芮城,小时数据,2024-12-18 21,2024-12-18 21:00:44,000,972.8,1036.4,1.6,2.5,37,17221,0.0,-,55,4.5,54,4.1,-0.9,0.4,-,-,15300
57053/芮城,小时数据,2024-12-18 20,2024-12-18 20:00:47,000,972.2,1036.2,1.9,2.7,38,14847,0.0,-,52,3.9,51,3.5,-0.9,0.4,-,-,14600
57053/芮城,小时数据,2024-12-18 19,2024-12-18 19:00:39,000,971.4,1035.2,2.4,2.5,35,16963,0.0,-,50,4.6,53,4.3,-0.9,1.0,-,-,16600
57053/芮城,小时数据,2024-12-18 18,2024-12-18 18:00:38,000,970.9,1034.6,3.2,2.5,32,17900,0.0,-,51,5.0,50,4.6,-0.4,1.7,-,-,17300
57053/芮城,小时数据,2024-12-18 17,2024-12-18 17:00:43,000,970.2,1033.7,4.1,2.5,31,19727,0.0,-,63,3.8,60,4.6,1.4,3.1,-,-,20400
57053/芮城,小时数据,2024-12-18 16,2024-12-18 16:00:38,000,970.2,1033.5,5.7,2.2,24,27822,0.0,-,63,5.4,66,4.7,5.5,7.1,-,-,25000
57053/芮城,小时数据,2024-12-18 15,2024-12-18 15:00:44,000,970.9,1034.2,6.7,2.3,23,28138,0.0,-,46,4.1,55,3.6,9.7,11.0,-,-,26900
57053/芮城,小时数据,2024-12-18 14,2024-12-18 14:00:44,000,971.6,1034.9,6.5,2.4,25,21773,0.0,-,54,4.5,54,3.9,12.8,14.6,-,-,18900
57053/芮城,小时数据,2024-12-18 13,2024-12-18 13:00:44,000,972.7,1036.1,5.6,2.5,27,19323,0.0,-,92,3.4,96,3.9,11.9,13.4,-,-,16400
57053/芮城,小时数据,2024-12-18 12,2024-12-18 12:00:43,000,973.7,1037.3,4.4,2.8,33,16880,0.0,-,64,4.5,70,4.9,8.6,10.4,-,-,13800
57053/芮城,小时数据,2024-12-18 11,2024-12-18 11:00:40,000,974.8,1038.5,3.5,3.0,38,16208,0.0,-,87,4.1,80,3.9,6.9,9.4,-,-,12900
57053/芮城,小时数据,2024-12-18 10,2024-12-18 10:00:39,000,975.0,1038.9,1.6,3.2,46,11601,0.0,-,66,3.3,65,3.2,2.4,5.5,-,-,11000
57053/芮城,小时数据,2024-12-18 09,2024-12-18 09:00:38,000,975.0,1039.5,-2.9,2.9,58,8935,0.0,-,30,2.2,31,1.8,-2.4,-1.7,-,-,9000
57053/芮城,小时数据,2024-12-18 08,2024-12-18 08:00:40,000,975.2,1040.0,-7.2,2.5,69,12148,0.0,-,343,1.5,331,1.2,-6.3,-9.3,-,-,10600
57053/芮城,小时数据,2024-12-18 07,2024-12-18 07:00:37,000,973.6,1038.0,-6.5,2.4,63,15622,0.0,-,59,0.9,50,1.2,-7.0,-11.2,-,-,15400
57053/芮城,小时数据,2024-12-18 06,2024-12-18 06:00:37,000,973.3,1037.2,-6.7,2.4,65,21323,0.0,-,113,1.4,116,1.9,-7.1,-11.2,-,-,19500
57053/芮城,小时数据,2024-12-18 05,2024-12-18 05:00:38,000,972.7,1036.2,-6.4,2.5,67,24269,0.0,-,348,2.0,19,1.9,-6.9,-11.7,-,-,16000
57053/芮城,小时数据,2024-12-18 04,2024-12-18 04:00:44,000,972.9,1036.2,-6.5,2.4,63,12428,0.0,-,304,1.5,312,1.7,-6.9,-11.7,-,-,13700
57053/芮城,小时数据,2024-12-18 03,2024-12-18 03:00:45,000,972.7,1036.0,-6.9,2.5,68,8686,0.0,-,341,1.4,5,1.0,-6.8,-12.0,-,-,8800
57053/芮城,小时数据,2024-12-18 02,2024-12-18 02:00:39,000,972.6,1035.8,-6.2,2.6,67,9597,0.0,-,350,1.0,347,1.2,-6.6,-11.3,-,-,9600
57053/芮城,小时数据,2024-12-18 01,2024-12-18 01:00:47,000,972.6,1035.8,-5.7,2.6,65,11807,0.0,-,300,1.0,335,1.1,-6.2,-10.9,-,-,11000
57053/芮城,小时数据,2024-12-18 00,2024-12-18 00:01:03,000,972.8,1036.2,-5.2,2.4,59,12416,0.0,-,325,1.8,346,1.0,-5.8,-10.6,-,-,11600
57053/芮城,小时数据,2024-12-17 23,2024-12-17 23:00:42,000,972.4,1036.1,-5.1,2.5,59,12276,0.0,-,343,1.0,356,1.4,-5.5,-9.8,-,-,12400
57053/芮城,小时数据,2024-12-17 22,2024-12-17 22:00:39,000,971.7,1035.7,-4.9,2.5,59,11073,0.0,-,277,1.1,273,1.0,-5.4,-10.6,-,-,11400
57053/芮城,小时数据,2024-12-17 21,2024-12-17 21:00:44,000,971.4,1035.8,-4.7,2.4,56,12689,0.0,-,340,0.9,356,0.8,-5.1,-10.7,-,-,11800
57053/芮城,小时数据,2024-12-17 20,2024-12-17 20:00:50,000,971.0,1035.5,-3.2,2.5,52,8880,0.0,-,342,1.6,350,1.3,-4.6,-9.8,-,-,8600
57053/芮城,小时数据,2024-12-17 19,2024-12-17 19:00:45,000,970.5,1034.9,-1.3,2.6,46,9284,0.0,-,344,1.5,346,1.8,-3.9,-8.8,-,-,8500
57053/芮城,小时数据,2024-12-17 18,2024-12-17 18:00:45,000,970.0,1033.9,3.1,3.0,39,9169,0.0,-,274,1.5,272,2.0,-3.4,-7.8,-,-,9300
57053/芮城,小时数据,2024-12-17 17,2024-12-17 17:00:46,000,969.5,1033.0,5.9,2.5,27,11799,0.0,-,271,1.7,275,2.3,0.9,3.0,-,-,12100
57053/芮城,小时数据,2024-12-17 16,2024-12-17 16:00:40,000,969.4,1032.6,7.3,2.0,20,16293,0.0,-,250,5.5,251,5.6,6.4,9.9,-,-,15600
57053/芮城,小时数据,2024-12-17 15,2024-12-17 15:00:38,000,969.0,1032.1,8.0,2.0,19,18757,0.0,-,248,5.1,251,5.4,10.5,13.2,-,-,15600
57053/芮城,小时数据,2024-12-17 14,2024-12-17 14:00:49,000,969.0,1032.1,7.9,2.1,20,16526,0.0,-,260,6.8,254,6.0,12.3,13.8,-,-,11200
57053/芮城,小时数据,2024-12-17 13,2024-12-17 13:00:39,000,969.4,1032.4,7.2,3.1,31,9609,0.0,-,242,3.8,222,3.9,13.3,16.2,-,-,8800
57053/芮城,小时数据,2024-12-17 12,2024-12-17 12:00:38,000,970.3,1033.5,5.3,3.4,38,8448,0.0,-,234,2.1,220,2.5,10.8,15.2,-,-,7700
57053/芮城,小时数据,2024-12-17 11,2024-12-17 11:00:46,000,970.9,1034.3,2.5,3.4,46,7032,0.0,-,123,0.9,108,0.9,7.5,12.4,-,-,6200
57053/芮城,小时数据,2024-12-17 10,2024-12-17 10:00:43,000,970.8,1034.4,-0.3,3.3,56,5745,0.0,-,170,1.5,136,1.1,2.7,7.4,-,-,5600
57053/芮城,小时数据,2024-12-17 09,2024-12-17 09:00:42,000,969.9,1034.0,-4.2,3.0,68,6312,0.0,-,339,1.6,359,1.0,-3.1,-0.3,-,-,6600
57053/芮城,小时数据,2024-12-17 08,2024-12-17 08:00:44,000,968.7,1032.9,-7.2,2.5,71,9022,0.0,-,355,1.5,330,1.0,-7.4,-11.5,-,-,8700
57053/芮城,小时数据,2024-12-17 07,2024-12-17 07:00:46,000,967.8,1032.0,-8.2,2.5,77,9623,0.0,-,352,1.3,14,1.1,-7.6,-12.2,-,-,9200
57053/芮城,小时数据,2024-12-17 06,2024-12-17 06:00:41,000,967.3,1031.1,-8.7,2.5,80,10619,0.0,-,149,0.7,PPC,0.2,-7.3,-12.5,-,-,10300
57053/芮城,小时数据,2024-12-17 05,2024-12-17 05:00:46,000,967.1,1030.4,-8.1,2.7,80,11042,0.0,-,9,1.3,355,0.9,-7.0,-12.1,-,-,10400
57053/芮城,小时数据,2024-12-17 04,2024-12-17 04:00:47,000,966.5,1029.3,-7.6,2.7,77,10125,0.0,-,23,0.6,9,0.8,-6.7,-12.1,-,-,9700
57053/芮城,小时数据,2024-12-17 03,2024-12-17 03:00:41,000,965.9,1028.6,-7.4,2.6,75,9847,0.0,-,PPC,0.0,PPC,0.2,-6.4,-11.7,-,-,10200
57053/芮城,小时数据,2024-12-17 02,2024-12-17 02:00:46,000,965.2,1028.0,-7.1,2.6,72,10233,0.0,-,306,1.1,318,1.3,-6.1,-11.4,-,-,10100
57053/芮城,小时数据,2024-12-17 01,2024-12-17 01:00:45,000,964.5,1027.2,-5.9,2.6,67,10519,0.0,-,270,0.9,300,1.1,-5.8,-11.2,-,-,10200
57053/芮城,小时数据,2024-12-17 00,2024-12-17 00:01:06,000,963.9,1026.7,-4.6,2.6,61,13259,0.0,-,341,1.7,335,1.8,-5.4,-10.7,-,-,13300
57053/芮城,小时数据,2024-12-16 23,2024-12-16 23:00:40,000,964.4,1027.2,-3.5,2.7,57,15566,0.0,-,6,2.4,360,2.8,-5.0,-7.9,-,-,13800
57053/芮城,小时数据,2024-12-16 22,2024-12-16 22:00:40,000,964.0,1027.0,-2.6,2.7,53,14072,0.0,-,343,1.3,339,1.7,-4.9,-9.4,-,-,13100
57053/芮城,小时数据,2024-12-16 21,2024-12-16 21:00:39,000,963.5,1027.1,-3.4,2.9,60,9285,0.0,-,197,1.0,210,1.1,-4.7,-10.4,-,-,9800
57053/芮城,小时数据,2024-12-16 20,2024-12-16 20:00:45,000,962.7,1026.8,-1.5,2.9,53,10836,0.0,-,342,3.4,341,3.3,-4.2,-8.0,-,-,9400
57053/芮城,小时数据,2024-12-16 19,2024-12-16 19:00:45,000,962.4,1026.3,-0.7,2.9,50,7515,0.0,-,345,1.2,348,2.0,-3.7,-7.6,-,-,7600
57053/芮城,小时数据,2024-12-16 18,2024-12-16 18:00:46,000,962.1,1025.6,2.7,3.0,40,9977,0.0,-,331,1.2,319,1.3,-3.3,-8.2,-,-,10800
57053/芮城,小时数据,2024-12-16 17,2024-12-16 17:00:45,000,961.8,1024.9,6.0,2.9,31,13652,0.0,-,247,2.9,247,2.5,1.1,2.7,-,-,13400
57053/芮城,小时数据,2024-12-16 16,2024-12-16 16:00:41,000,961.3,1023.9,9.3,2.2,19,20310,0.0,-,231,1.8,239,1.5,8.5,14.7,-,-,20300
57053/芮城,小时数据,2024-12-16 15,2024-12-16 15:00:44,000,961.6,1024.2,9.2,2.3,20,26696,0.0,-,218,1.9,216,1.7,13.9,18.7,-,-,19300
57053/芮城,小时数据,2024-12-16 14,2024-12-16 14:00:45,000,962.3,1025.0,8.2,2.7,25,19378,0.0,-,245,2.3,219,2.0,15.8,18.7,-,-,16600
57053/芮城,小时数据,2024-12-16 13,2024-12-16 13:00:41,000,963.3,1026.1,7.7,2.4,23,18818,0.0,-,221,2.1,191,1.5,15.8,18.8,-,-,16500
57053/芮城,小时数据,2024-12-16 12,2024-12-16 12:00:38,000,964.4,1027.4,5.2,2.7,30,19150,0.0,-,107,1.4,92,1.1,12.3,16.1,-,-,15700
57053/芮城,小时数据,2024-12-16 11,2024-12-16 11:00:39,000,965.5,1028.7,3.6,2.7,34,13378,0.0,-,111,1.3,133,1.2,8.9,13.6,-,-,15600
57053/芮城,小时数据,2024-12-16 10,2024-12-16 10:00:45,000,965.8,1029.3,1.0,2.8,43,18686,0.0,-,61,1.6,68,1.5,3.8,10.6,-,-,15300
57053/芮城,小时数据,2024-12-16 09,2024-12-16 09:00:44,000,965.7,1029.7,-3.2,3.4,70,7957,0.0,-,16,0.7,351,0.8,-3.0,0.5,-,-,9800
57053/芮城,小时数据,2024-12-16 08,2024-12-16 08:00:44,000,965.5,1030.0,-9.8,2.3,79,10893,0.0,-,357,1.6,357,1.4,-8.0,-12.2,-,-,8200
57053/芮城,小时数据,2024-12-16 07,2024-12-16 07:00:45,000,965.2,1029.3,-8.7,2.3,74,14725,0.0,-,43,0.9,1,1.1,-8.3,-13.7,-,-,14900
57053/芮城,小时数据,2024-12-16 06,2024-12-16 06:00:45,000,965.4,1029.2,-9.6,2.3,78,15555,0.0,-,17,1.6,17,1.6,-8.1,-13.8,-,-,14200
57053/芮城,小时数据,2024-12-16 05,2024-12-16 05:00:47,000,965.8,1029.3,-9.3,2.3,77,17243,0.0,-,352,0.9,344,1.1,-7.8,-13.3,-,-,16600
57053/芮城,小时数据,2024-12-16 04,2024-12-16 04:00:45,000,966.3,1029.5,-8.9,2.3,75,19666,0.0,-,342,2.2,357,1.7,-7.7,-13.1,-,-,17200
57053/芮城,小时数据,2024-12-16 03,2024-12-16 03:00:44,000,966.8,1029.9,-8.3,2.3,69,18120,0.0,-,347,1.6,351,1.5,-7.4,-13.0,-,-,15500
57053/芮城,小时数据,2024-12-16 02,2024-12-16 02:00:37,000,967.3,1030.6,-8.1,2.3,70,15144,0.0,-,356,0.9,6,1.1,-7.1,-13.0,-,-,12100
57053/芮城,小时数据,2024-12-16 01,2024-12-16 01:00:46,000,967.4,1030.8,-7.8,2.2,65,19937,0.0,-,357,1.4,354,1.3,-6.8,-12.5,-,-,14800
57053/芮城,小时数据,2024-12-16 00,2024-12-16 00:01:01,000,968.0,1031.4,-6.3,2.6,67,20349,0.0,-,337,2.4,337,2.2,-6.4,-12.2,-,-,17600
57053/芮城,小时数据,2024-12-15 23,2024-12-15 23:00:44,000,968.5,1032.0,-6.3,2.4,63,13845,0.0,-,306,0.8,39,0.8,-6.1,-11.2,-,-,13800
57053/芮城,小时数据,2024-12-15 22,2024-12-15 22:00:44,000,968.7,1032.4,-5.4,2.6,63,13652,0.0,-,333,1.3,331,1.2,-5.7,-11.7,-,-,12100
57053/芮城,小时数据,2024-12-15 21,2024-12-15 21:00:47,000,968.8,1033.1,-5.4,2.5,61,12206,0.0,-,336,1.4,335,1.4,-5.3,-11.2,-,-,11900
57053/芮城,小时数据,2024-12-15 20,2024-12-15 20:00:46,000,968.7,1033.5,-3.3,2.4,51,11964,0.0,-,335,1.3,349,1.5,-4.8,-10.8,-,-,10300
57053/芮城,小时数据,2024-12-15 19,2024-12-15 19:00:46,000,968.9,1033.5,-1.5,2.4,44,11642,0.0,-,354,0.7,352,0.8,-4.2,-9.8,-,-,10200
57053/芮城,小时数据,2024-12-15 18,2024-12-15 18:00:44,000,968.7,1032.8,1.9,2.3,33,19574,0.0,-,270,2.0,257,2.7,-3.0,-3.5,-,-,20500
57053/芮城,小时数据,2024-12-15 17,2024-12-15 17:00:45,000,968.6,1032.4,4.9,2.0,23,25700,0.0,-,219,2.5,216,2.6,0.5,2.2,-,-,25200
57053/芮城,小时数据,2024-12-15 16,2024-12-15 16:00:46,000,968.7,1032.2,6.8,1.9,19,28179,0.0,-,236,3.4,226,2.7,7.1,11.4,-,-,28400
57053/芮城,小时数据,2024-12-15 15,2024-12-15 15:00:47,000,969.0,1032.4,7.4,1.9,18,28647,0.0,-,206,3.3,205,2.7,11.9,15.7,-,-,27000
57053/芮城,小时数据,2024-12-15 14,2024-12-15 14:00:44,000,969.5,1033.0,5.8,2.2,24,23316,0.0,-,314,1.9,243,2.6,14.1,16.7,-,-,25300
57053/芮城,小时数据,2024-12-15 13,2024-12-15 13:00:37,000,970.5,1034.1,4.7,2.3,27,20878,0.0,-,248,2.8,231,2.5,13.8,15.7,-,-,22400
57053/芮城,小时数据,2024-12-15 12,2024-12-15 12:00:44,000,971.2,1034.9,4.0,2.4,30,17146,0.0,-,211,3.2,211,3.4,11.2,14.6,-,-,19700
57053/芮城,小时数据,2024-12-15 11,2024-12-15 11:00:38,000,972.1,1035.8,3.1,2.2,29,19195,0.0,-,248,3.3,245,3.1,8.1,12.4,-,-,19800
57053/芮城,小时数据,2024-12-15 10,2024-12-15 10:00:44,000,972.1,1036.2,0.4,2.8,44,10461,0.0,-,61,0.6,86,1.0,3.3,9.9,-,-,10600
57053/芮城,小时数据,2024-12-15 09,2024-12-15 09:00:42,000,972.0,1036.5,-3.9,2.7,58,13396,0.0,-,79,0.5,56,0.5,-3.4,3.1,-,-,12300
57053/芮城,小时数据,2024-12-15 08,2024-12-15 08:00:44,000,972.0,1037.2,-10.0,2.1,72,15107,0.0,-,326,1.2,327,1.3,-8.4,-12.5,-,-,14900
57053/芮城,小时数据,2024-12-15 07,2024-12-15 07:00:39,000,971.7,1036.5,-10.3,2.1,74,21440,0.0,-,51,1.2,56,1.0,-8.7,-14.1,-,-,23200
57053/芮城,小时数据,2024-12-15 06,2024-12-15 06:00:40,000,971.7,1036.1,-9.9,2.1,73,28659,0.0,-,349,1.5,348,1.3,-8.4,-13.8,-,-,28500
57053/芮城,小时数据,2024-12-15 05,2024-12-15 05:00:46,000,971.5,1035.7,-10.7,2.0,74,30000,0.0,-,318,1.4,320,1.5,-8.1,-13.6,-,-,30000
57053/芮城,小时数据,2024-12-15 04,2024-12-15 04:00:41,000,971.8,1035.8,-9.9,2.1,73,30000,0.0,-,2,0.8,8,0.6,-7.8,-13.6,-,-,30000
57053/芮城,小时数据,2024-12-15 03,2024-12-15 03:00:38,000,972.4,1036.3,-9.1,2.0,66,30000,0.0,-,346,1.6,350,1.5,-7.5,-13.1,-,-,30000
57053/芮城,小时数据,2024-12-15 02,2024-12-15 02:00:41,000,972.5,1036.3,-8.2,2.0,61,30000,0.0,-,357,1.5,5,1.3,-7.1,-13.0,-,-,30000
57053/芮城,小时数据,2024-12-15 01,2024-12-15 01:00:51,000,972.8,1036.6,-7.7,2.0,59,30000,0.0,-,359,1.5,3,1.5,-6.8,-12.2,-,-,30000
57053/芮城,小时数据,2024-12-15 00,2024-12-15 00:01:01,000,973.3,1037.3,-7.0,2.0,56,30000,0.0,-,339,1.8,345,1.8,-6.5,-12.2,-,-,26600
57053/芮城,小时数据,2024-12-14 23,2024-12-14 23:00:42,000,973.6,1037.7,-6.2,1.9,49,27278,0.0,-,2,1.5,13,1.5,-6.2,-11.9,-,-,27700
57053/芮城,小时数据,2024-12-14 22,2024-12-14 22:00:39,000,973.9,1038.3,-6.5,2.0,54,23175,0.0,-,43,1.7,52,1.3,-5.8,-11.8,-,-,24300
57053/芮城,小时数据,2024-12-14 21,2024-12-14 21:00:38,000,974.2,1038.7,-5.3,1.9,46,30000,0.0,-,72,1.1,65,1.5,-5.3,-11.5,-,-,29500
57053/芮城,小时数据,2024-12-14 20,2024-12-14 20:00:45,000,974.5,1039.7,-4.9,2.0,48,24709,0.0,-,338,1.2,339,1.3,-4.9,-11.6,-,-,19200
57053/芮城,小时数据,2024-12-14 19,2024-12-14 19:00:45,000,974.1,1038.9,-2.1,1.8,35,20719,0.0,-,356,1.4,358,1.7,-4.0,-9.1,-,-,19900
57053/芮城,小时数据,2024-12-14 18,2024-12-14 18:00:46,000,973.7,1038.1,1.2,1.6,24,29862,0.0,-,270,1.6,295,1.1,-3.5,-8.5,-,-,27100
57053/芮城,小时数据,2024-12-14 17,2024-12-14 17:00:46,000,973.4,1037.4,3.1,1.8,23,30000,0.0,-,263,3.4,253,4.1,0.4,1.5,-,-,27600
57053/芮城,小时数据,2024-12-14 16,2024-12-14 16:00:40,000,973.4,1037.1,4.4,1.6,19,30000,0.0,-,254,5.7,261,5.5,5.1,7.7,-,-,30000
57053/芮城,小时数据,2024-12-14 15,2024-12-14 15:00:43,000,973.8,1037.5,4.8,1.5,17,30000,0.0,-,269,5.1,251,7.1,8.9,11.0,-,-,30000
57053/芮城,小时数据,2024-12-14 14,2024-12-14 14:00:46,000,974.5,1038.1,4.9,1.5,17,30000,0.0,-,255,7.3,251,8.3,10.9,11.3,-,-,30000
57053/芮城,小时数据,2024-12-14 13,2024-12-14 13:00:44,000,975.7,1039.7,4.1,2.0,25,29860,0.0,-,224,6.8,242,6.9,11.9,12.7,-,-,29000
57053/芮城,小时数据,2024-12-14 12,2024-12-14 12:00:44,000,977.1,1041.3,2.6,2.3,31,23664,0.0,-,243,3.1,247,4.2,9.9,13.1,-,-,25000
57053/芮城,小时数据,2024-12-14 11,2024-12-14 11:00:44,000,978.7,1043.0,0.6,2.6,40,30000,0.0,-,252,1.9,241,3.7,7.0,10.9,-,-,22400
57053/芮城,小时数据,2024-12-14 10,2024-12-14 10:00:43,000,979.3,1043.8,-1.1,2.6,47,21937,0.0,-,252,4.2,254,3.1,2.3,6.5,-,-,20400
57053/芮城,小时数据,2024-12-14 09,2024-12-14 09:00:43,000,978.9,1043.6,-3.2,2.6,54,22517,0.0,-,260,3.1,259,2.6,-3.0,0.2,-,-,17600
57053/芮城,小时数据,2024-12-14 08,2024-12-14 08:00:38,000,978.5,1043.7,-8.5,2.5,77,12285,0.0,-,5,0.9,359,1.2,-6.7,-10.9,-,-,14200
57053/芮城,小时数据,2024-12-14 07,2024-12-14 07:00:37,000,978.0,1042.9,-8.7,2.4,76,24552,0.0,-,348,1.8,353,1.4,-6.7,-11.9,-,-,22200
57053/芮城,小时数据,2024-12-14 06,2024-12-14 06:00:37,000,977.6,1042.3,-8.6,2.5,77,20699,0.0,-,356,0.7,27,0.6,-6.5,-12.2,-,-,19700
57053/芮城,小时数据,2024-12-14 05,2024-12-14 05:00:43,000,977.4,1041.8,-7.6,2.5,72,18816,0.0,-,332,1.2,356,1.1,-5.9,-11.2,-,-,18000
57053/芮城,小时数据,2024-12-14 04,2024-12-14 04:00:39,000,977.7,1041.8,-6.3,2.6,68,19562,0.0,-,360,1.7,344,1.4,-5.3,-9.9,-,-,18600
57053/芮城,小时数据,2024-12-14 03,2024-12-14 03:00:40,000,977.7,1041.9,-6.8,2.6,72,21124,0.0,-,60,0.6,60,0.4,-5.2,-9.8,-,-,22800
57053/芮城,小时数据,2024-12-14 02,2024-12-14 02:00:45,000,977.8,1041.9,-6.0,2.6,67,23588,0.0,-,344,2.3,339,1.9,-4.7,-8.4,-,-,23300
57053/芮城,小时数据,2024-12-14 01,2024-12-14 01:01:01,000,978.4,1042.7,-7.1,2.5,69,21035,0.0,-,350,1.1,355,1.3,-5.1,-10.2,-,-,20700
57053/芮城,小时数据,2024-12-14 00,2024-12-14 00:01:07,000,978.2,1042.5,-7.0,2.4,65,18476,0.0,-,344,1.3,342,1.4,-5.3,-10.8,-,-,19900
57053/芮城,小时数据,2024-12-13 23,2024-12-13 23:00:38,000,977.8,1042.0,-5.1,2.5,60,20395,0.0,-,319,1.5,322,1.3,-4.8,-11.0,-,-,18900
57053/芮城,小时数据,2024-12-13 22,2024-12-13 22:00:46,000,977.4,1041.6,-4.6,2.4,56,16557,0.0,-,21,1.0,59,0.9,-4.4,-10.5,-,-,16900
57053/芮城,小时数据,2024-12-13 21,2024-12-13 21:00:44,000,977.0,1041.2,-3.8,2.4,51,19885,0.0,-,29,1.2,29,1.1,-3.8,-9.7,-,-,20500
57053/芮城,小时数据,2024-12-13 20,2024-12-13 20:00:41,000,976.5,1040.8,-3.2,2.5,51,19533,0.0,-,337,1.6,337,1.4,-3.3,-8.4,-,-,16700
57053/芮城,小时数据,2024-12-13 19,2024-12-13 19:00:39,000,975.8,1039.9,-1.0,2.2,39,19955,0.0,-,349,1.8,359,1.5,-3.3,-7.6,-,-,20900
57053/芮城,小时数据,2024-12-13 18,2024-12-13 18:00:38,000,974.9,1038.7,0.2,2.2,35,24176,0.0,-,268,1.6,267,3.3,-1.8,-2.4,-,-,25100
57053/芮城,小时数据,2024-12-13 17,2024-12-13 17:00:46,000,974.4,1037.9,1.5,2.0,30,18154,0.0,-,186,2.3,243,1.7,1.1,-1.2,-,-,22600
57053/芮城,小时数据,2024-12-13 16,2024-12-13 16:00:38,000,973.9,1037.1,2.9,2.0,26,30000,0.0,-,264,3.1,256,3.7,6.0,7.8,-,-,30000
57053/芮城,小时数据,2024-12-13 15,2024-12-13 15:00:44,000,974.0,1037.1,3.0,2.0,27,30000,0.0,-,244,5.7,235,4.6,10.7,10.3,-,-,30000
57053/芮城,小时数据,2024-12-13 14,2024-12-13 14:00:39,000,974.6,1037.6,2.9,2.0,26,30000,0.0,-,220,4.4,223,5.2,13.0,12.1,-,-,28500
57053/芮城,小时数据,2024-12-13 13,2024-12-13 13:00:40,000,975.3,1038.4,2.4,2.0,28,30000,0.0,-,240,4.5,241,4.4,12.3,11.3,-,-,30000
57053/芮城,小时数据,2024-12-13 12,2024-12-13 12:00:44,000,976.5,1039.7,2.2,1.9,27,30000,0.0,-,100,1.1,233,1.8,10.7,14.1,-,-,29500
57053/芮城,小时数据,2024-12-13 11,2024-12-13 11:00:45,000,977.2,1040.6,0.9,2.6,40,30000,0.0,-,211,2.9,223,2.7,6.1,9.6,-,-,24700
57053/芮城,小时数据,2024-12-13 10,2024-12-13 10:00:44,000,977.4,1041.0,0.4,2.2,35,28000,0.0,-,324,2.4,317,3.3,1.6,4.6,-,-,28700
57053/芮城,小时数据,2024-12-13 09,2024-12-13 09:00:44,000,976.7,1040.2,-0.4,2.3,39,30000,0.0,-,315,1.6,300,2.1,-0.9,2.3,-,-,24900
57053/芮城,小时数据,2024-12-13 08,2024-12-13 08:01:06,CCA,975.7,1039.4,-2.6,2.7,54,19429,0.0,-,295,3.9,306,3.3,-3.9,-4.1,0,-,15600
57053/芮城,小时数据,2024-12-13 07,2024-12-13 07:00:39,000,975.6,1039.2,-2.8,2.8,57,18557,0.0,-,323,1.6,341,1.8,-3.9,-7.1,-,-,18400
57053/芮城,小时数据,2024-12-13 06,2024-12-13 06:00:38,000,974.6,1038.1,-2.1,2.8,54,15048,0.0,-,275,1.7,259,2.9,-3.7,-4.6,-,-,16400
57053/芮城,小时数据,2024-12-13 05,2024-12-13 05:00:45,000,973.7,1037.0,-1.5,2.8,52,15561,0.0,-,29,1.4,312,2.3,-3.5,-5.2,-,-,17600
57053/芮城,小时数据,2024-12-13 04,2024-12-13 04:00:39,000,973.8,1037.0,-0.7,3.0,51,18877,0.0,-,256,4.6,264,4.1,-2.9,-2.6,-,-,17700
57053/芮城,小时数据,2024-12-13 03,2024-12-13 03:00:45,000,973.5,1036.6,0.2,2.9,47,14228,0.0,-,281,3.1,277,3.5,-2.6,-2.2,-,-,13100
57053/芮城,小时数据,2024-12-13 02,2024-12-13 02:00:42,000,973.1,1035.9,1.8,2.8,40,13607,0.0,-,321,2.4,314,2.2,-1.9,-1.2,-,-,13700
57053/芮城,小时数据,2024-12-13 01,2024-12-13 01:00:46,000,973.0,1035.7,1.9,3.1,44,11970,0.0,-,266,4.8,262,4.5,-1.4,0.4,-,-,11300
57053/芮城,小时数据,2024-12-13 00,2024-12-13 00:01:04,000,972.3,1035.1,1.5,3.4,50,10482,0.0,-,264,3.7,265,3.7,-1.8,-0.4,-,-,10100
57053/芮城,小时数据,2024-12-12 23,2024-12-12 23:00:41,000,972.2,1035.0,1.8,3.9,56,9124,0.0,-,262,3.9,264,3.3,-1.8,-0.9,-,-,7500
57053/芮城,小时数据,2024-12-12 22,2024-12-12 22:00:38,000,971.9,1034.9,0.7,4.5,70,5640,0.0,-,242,2.3,254,2.2,-2.4,-3.6,-,-,3400
57053/芮城,小时数据,2024-12-12 21,2024-12-12 21:00:39,000,971.7,1034.8,1.6,5.6,81,2881,0.0,-,135,0.7,21,1.4,-1.0,-2.6,-,-,2900
57053/芮城,小时数据,2024-12-12 20,2024-12-12 20:00:45,000,971.5,1034.7,1.8,5.4,78,3094,0.0,-,254,0.7,269,0.7,-0.1,-3.7,-,-,3100
57053/芮城,小时数据,2024-12-12 19,2024-12-12 19:00:45,000,970.7,1033.8,2.7,5.8,78,2559,0.0,-,206,1.3,205,0.8,2.6,1.0,-,-,2500
57053/芮城,小时数据,2024-12-12 18,2024-12-12 18:00:39,000,969.9,1032.9,2.6,6.0,82,2402,0.0,-,250,2.0,242,2.3,3.0,2.1,-,-,2100
57053/芮城,小时数据,2024-12-12 17,2024-12-12 17:00:40,000,969.1,1031.9,2.6,5.9,80,2299,0.0,-,241,2.7,235,2.5,4.0,2.6,-,-,2300
57053/芮城,小时数据,2024-12-12 16,2024-12-12 16:00:44,000,968.3,1031.0,2.9,5.7,76,2634,0.0,-,238,3.3,244,3.3,6.0,4.6,-,-,2600
57053/芮城,小时数据,2024-12-12 15,2024-12-12 15:00:44,000,967.9,1030.5,3.0,5.3,70,3554,0.0,-,252,4.7,251,4.6,6.7,5.9,-,-,3500
57053/芮城,小时数据,2024-12-12 14,2024-12-12 14:00:44,000,967.8,1030.3,3.6,5.1,64,3699,0.0,-,255,5.5,252,5.5,6.8,5.3,-,-,3700
57053/芮城,小时数据,2024-12-12 13,2024-12-12 13:00:38,000,968.0,1030.4,4.2,4.9,60,3861,0.0,-,233,3.3,238,3.1,8.2,9.2,-,-,3800
57053/芮城,小时数据,2024-12-12 12,2024-12-12 12:00:42,000,968.9,1031.4,3.5,4.7,60,4032,0.0,-,244,2.7,242,3.4,7.2,6.7,-,-,3600
57053/芮城,小时数据,2024-12-12 11,2024-12-12 11:00:44,000,969.2,1031.8,2.8,4.7,63,4116,0.0,-,187,1.8,188,1.6,5.8,7.3,-,-,4000
57053/芮城,小时数据,2024-12-12 10,2024-12-12 10:00:44,000,969.3,1031.9,2.0,4.7,66,3775,0.0,-,114,1.4,105,1.1,3.4,4.3,-,-,3500
57053/芮城,小时数据,2024-12-12 09,2024-12-12 09:00:44,000,968.7,1031.4,0.4,4.4,70,4183,0.0,-,38,0.8,48,0.7,0.9,2.0,-,-,4000
57053/芮城,小时数据,2024-12-12 08,2024-12-12 08:01:33,CCA,967.9,1030.6,-0.5,4.5,76,3573,0.0,-,175,0.7,139,0.9,-0.8,-1.2,0,-,4000
57053/芮城,小时数据,2024-12-12 07,2024-12-12 07:00:40,000,967.9,1030.8,-1.0,4.5,80,3985,0.0,-,61,1.1,49,1.1,-1.4,-2.6,-,-,3700
57053/芮城,小时数据,2024-12-12 06,2024-12-12 06:00:43,000,967.9,1030.7,-1.0,4.3,75,4150,0.0,-,PPC,0.0,55,0.4,-1.8,-3.6,-,-,3800
57053/芮城,小时数据,2024-12-12 05,2024-12-12 05:00:39,000,968.2,1030.6,0.4,4.3,68,4814,0.0,-,359,0.7,8,0.9,-0.8,-1.7,-,-,4600
57053/芮城,小时数据,2024-12-12 04,2024-12-12 04:00:43,000,967.8,1030.0,1.0,4.3,65,4795,0.0,-,88,3.0,87,2.4,-1.0,-0.2,-,-,4400
57053/芮城,小时数据,2024-12-12 03,2024-12-12 03:00:39,000,968.0,1030.2,1.4,4.5,67,4112,0.0,-,72,3.3,70,3.1,-0.9,0.3,-,-,4000
57053/芮城,小时数据,2024-12-12 02,2024-12-12 02:00:46,000,967.6,1029.7,1.5,4.7,69,3748,0.0,-,50,3.0,58,3.5,-0.9,0.2,-,-,3600
57053/芮城,小时数据,2024-12-12 01,2024-12-12 01:00:46,000,967.6,1029.7,1.6,4.8,70,3752,0.0,-,49,3.9,50,3.4,-1.0,0.0,-,-,3600
57053/芮城,小时数据,2024-12-12 00,2024-12-12 00:00:58,000,968.5,1030.8,1.8,4.9,70,3683,0.0,-,50,3.5,56,3.7,-0.8,0.0,-,-,3500
57053/芮城,小时数据,2024-12-11 23,2024-12-11 23:00:38,000,968.8,1031.2,2.1,5.0,70,3564,0.0,-,54,3.9,53,3.7,-0.4,0.4,-,-,3500
57053/芮城,小时数据,2024-12-11 22,2024-12-11 22:00:59,000,968.9,1031.4,2.9,5.0,66,4096,0.0,-,60,3.3,56,3.4,0.6,1.2,-,-,4100
57053/芮城,小时数据,2024-12-11 21,2024-12-11 21:00:45,000,968.7,1031.4,3.6,5.1,64,4474,0.0,-,44,4.6,41,4.4,1.7,2.5,-,-,4500
57053/芮城,小时数据,2024-12-11 20,2024-12-11 20:00:45,000,967.5,1030.3,3.7,4.9,62,4911,0.0,-,45,4.2,48,4.4,1.6,2.4,-,-,5000
57053/芮城,小时数据,2024-12-11 19,2024-12-11 19:00:44,000,966.3,1029.2,2.2,4.5,63,5684,0.0,-,24,2.8,22,2.2,0.5,-0.9,-,-,5500
57053/芮城,小时数据,2024-12-11 18,2024-12-11 18:00:44,000,965.5,1028.1,3.3,4.6,59,4271,0.0,-,358,1.8,356,1.7,1.8,-2.0,-,-,4100
57053/芮城,小时数据,2024-12-11 17,2024-12-11 17:00:41,000,965.2,1027.5,5.7,4.9,53,5604,0.0,-,63,1.5,63,1.5,5.5,3.5,-,-,5500
57053/芮城,小时数据,2024-12-11 16,2024-12-11 16:00:38,000,965.3,1027.5,6.5,4.8,50,6178,0.0,-,129,1.3,101,1.2,9.1,8.3,-,-,6000
57053/芮城,小时数据,2024-12-11 15,2024-12-11 15:00:46,000,965.8,1028.1,6.3,4.9,51,5814,0.0,-,109,2.0,114,1.8,10.3,8.4,-,-,5800
57053/芮城,小时数据,2024-12-11 14,2024-12-11 14:00:44,000,966.5,1028.9,6.6,4.9,50,5796,0.0,-,94,2.0,65,1.6,14.2,12.4,-,-,5600
57053/芮城,小时数据,2024-12-11 13,2024-12-11 13:00:44,000,967.2,1029.7,6.5,5.1,53,5777,0.0,-,156,1.4,157,1.3,15.2,15.4,-,-,5300
57053/芮城,小时数据,2024-12-11 12,2024-12-11 12:00:43,000,968.4,1031.2,5.2,5.2,59,4969,0.0,-,104,1.5,140,1.4,12.9,14.1,-,-,5000
57053/芮城,小时数据,2024-12-11 11,2024-12-11 11:00:44,000,969.3,1032.3,4.3,5.4,65,5703,0.0,-,44,1.2,42,1.2,9.4,13.2,-,-,5200
57053/芮城,小时数据,2024-12-11 10,2024-12-11 10:00:44,000,969.3,1032.3,2.7,5.6,75,4822,0.0,-,84,1.4,103,1.5,4.3,8.0,-,-,3900
57053/芮城,小时数据,2024-12-11 09,2024-12-11 09:00:51,000,969.4,1032.4,0.4,5.8,92,4086,0.0,-,70,0.6,75,0.6,0.0,3.7,-,-,4100
57053/芮城,小时数据,2024-12-11 08,2024-12-11 08:02:01,CCA,969.6,1032.8,-1.2,5.3,94,3842,0.0,-,PPC,0.0,PPC,0.0,-0.8,-1.9,0,-,3700
57053/芮城,小时数据,2024-12-11 07,2024-12-11 07:00:43,000,969.3,1032.4,-1.4,5.2,94,3552,0.0,-,332,1.4,328,1.2,-1.9,-5.2,-,-,3400
57053/芮城,小时数据,2024-12-11 06,2024-12-11 06:00:44,000,969.0,1032.0,-0.6,5.2,89,4787,0.0,-,PPC,0.2,93,0.6,-1.0,-2.6,-,-,4600
57053/芮城,小时数据,2024-12-11 05,2024-12-11 05:00:38,000,969.0,1031.8,-0.2,5.4,89,5098,0.0,-,51,1.1,44,1.1,-0.7,-1.8,-,-,4700
57053/芮城,小时数据,2024-12-11 04,2024-12-11 04:00:43,000,969.3,1032.1,-0.4,5.4,91,5076,0.0,-,PPC,0.0,PPC,0.0,-0.5,-1.2,-,-,4900
57053/芮城,小时数据,2024-12-11 03,2024-12-11 03:00:41,000,969.5,1032.4,-0.8,5.2,91,5896,0.0,-,20,0.5,355,1.0,-0.6,-1.5,-,-,4900
57053/芮城,小时数据,2024-12-11 02,2024-12-11 02:00:47,000,969.5,1032.4,-1.2,5.1,91,5241,0.0,-,70,0.4,89,0.5,-0.7,-1.7,-,-,4600
57053/芮城,小时数据,2024-12-11 01,2024-12-11 01:00:52,000,969.6,1032.6,-2.1,5.0,96,4749,0.0,-,209,0.8,209,1.1,-1.0,-2.4,-,-,3900
57053/芮城,小时数据,2024-12-11 00,2024-12-11 00:01:01,000,969.3,1032.4,-2.7,4.7,93,4414,0.0,-,4,0.6,9,0.7,-2.2,-6.6,-,-,4100
57053/芮城,小时数据,2024-12-10 23,2024-12-10 23:00:40,000,969.3,1032.4,-2.6,4.6,92,4704,0.0,-,5,0.9,351,0.9,-2.1,-7.0,-,-,3700
57053/芮城,小时数据,2024-12-10 22,2024-12-10 22:00:40,000,969.0,1032.1,-1.3,4.8,86,5462,0.0,-,7,1.2,12,1.3,-2.0,-6.5,-,-,4700
57053/芮城,小时数据,2024-12-10 21,2024-12-10 21:00:39,000,968.5,1031.4,0.8,5.3,82,5459,0.0,-,20,0.9,30,0.8,0.5,-2.2,-,-,5200
57053/芮城,小时数据,2024-12-10 20,2024-12-10 20:00:46,000,968.3,1031.2,1.5,5.3,78,6192,0.0,-,183,1.1,169,1.0,1.1,-1.7,-,-,7000
57053/芮城,小时数据,2024-12-10 19,2024-12-10 19:00:46,000,967.6,1030.4,2.2,5.2,73,10147,0.0,-,281,0.9,265,1.2,2.1,-0.1,-,-,9500
57053/芮城,小时数据,2024-12-10 18,2024-12-10 18:00:44,000,966.8,1029.7,2.3,5.3,73,9270,0.0,-,207,1.1,211,1.1,3.2,1.1,-,-,9400
57053/芮城,小时数据,2024-12-10 17,2024-12-10 17:00:47,000,966.0,1028.7,3.0,5.2,68,11725,0.0,-,85,1.5,79,1.7,4.9,3.4,-,-,11800
57053/芮城,小时数据,2024-12-10 16,2024-12-10 16:00:40,000,965.3,1028.1,3.5,5.2,66,11869,0.0,-,28,1.1,23,1.0,7.8,7.0,-,-,11500
57053/芮城,小时数据,2024-12-10 15,2024-12-10 15:00:47,000,964.8,1027.6,3.3,5.3,69,6927,0.0,-,50,1.9,69,1.7,8.2,6.4,-,-,6300
57053/芮城,小时数据,2024-12-10 14,2024-12-10 14:00:39,000,964.9,1027.6,3.6,5.0,63,6473,0.0,-,51,1.8,55,1.8,9.7,8.3,-,-,6300
57053/芮城,小时数据,2024-12-10 13,2024-12-10 13:00:41,000,965.3,1028.0,3.5,4.6,59,7137,0.0,-,119,3.0,96,2.1,9.0,8.2,-,-,7000
57053/芮城,小时数据,2024-12-10 12,2024-12-10 12:00:46,000,966.2,1029.0,3.6,4.3,55,7185,0.0,-,152,0.3,120,1.6,7.6,8.1,-,-,6100
57053/芮城,小时数据,2024-12-10 11,2024-12-10 11:00:49,000,966.5,1029.4,3.3,4.5,58,5984,0.0,-,105,1.6,103,1.6,5.2,6.7,-,-,5700
57053/芮城,小时数据,2024-12-10 10,2024-12-10 10:00:51,000,966.1,1029.0,2.0,4.4,63,5069,0.0,-,122,1.3,122,1.3,2.1,4.2,-,-,4500
57053/芮城,小时数据,2024-12-10 09,2024-12-10 09:00:38,000,965.4,1028.1,0.7,4.6,71,4209,0.0,-,67,0.8,43,0.7,0.2,1.4,-,-,4300
57053/芮城,小时数据,2024-12-10 08,2024-12-10 08:30:53,CCA,964.9,1027.5,0.3,4.4,70,5116,0.0,-,45,1.1,28,1.2,-0.6,-1.2,0,-,5300
57053/芮城,小时数据,2024-12-10 07,2024-12-10 07:00:48,000,964.3,1026.6,-0.2,4.3,71,5902,0.0,-,360,1.2,10,1.2,-0.8,-1.8,-,-,6000
57053/芮城,小时数据,2024-12-10 06,2024-12-10 06:00:45,000,963.9,1026.3,-1.1,4.3,76,6405,0.0,-,177,0.7,168,0.9,-1.0,-2.4,-,-,5700
57053/芮城,小时数据,2024-12-10 05,2024-12-10 05:00:44,000,963.9,1026.2,-1.1,4.1,73,7438,0.0,-,355,1.4,342,1.6,-1.1,-2.4,-,-,6900
57053/芮城,小时数据,2024-12-10 04,2024-12-10 04:00:45,000,964.1,1026.4,-2.6,3.8,76,6709,0.0,-,PPC,0.0,320,0.3,-1.8,-4.3,-,-,6600
57053/芮城,小时数据,2024-12-10 03,2024-12-10 03:00:41,000,963.9,1026.2,-3.0,3.7,75,6636,0.0,-,41,0.5,138,1.1,-2.8,-7.6,-,-,6300
57053/芮城,小时数据,2024-12-10 02,2024-12-10 02:00:40,000,963.7,1025.9,-2.4,3.7,73,6822,0.0,-,19,0.5,31,0.5,-2.3,-6.4,-,-,6900
57053/芮城,小时数据,2024-12-10 01,2024-12-10 01:00:50,000,963.8,1026.0,-1.7,3.8,71,7475,0.0,-,357,1.9,358,1.8,-2.0,-5.7,-,-,6600
57053/芮城,小时数据,2024-12-10 00,2024-12-10 00:00:39,000,964.0,1026.5,-2.3,3.9,75,6845,0.0,-,89,0.6,86,0.7,-2.3,-7.3,-,-,6300
57053/芮城,小时数据,2024-12-09 23,2024-12-09 23:00:38,000,964.0,1026.5,-2.2,3.8,74,7221,0.0,-,331,1.4,346,1.4,-2.7,-7.0,-,-,7200
57053/芮城,小时数据,2024-12-09 22,2024-12-09 22:00:40,000,964.1,1026.8,-1.4,4.0,72,7976,0.0,-,357,1.4,360,1.3,-1.8,-7.0,-,-,7600
57053/芮城,小时数据,2024-12-09 21,2024-12-09 21:00:39,000,963.6,1026.2,0.8,4.0,62,8883,0.0,-,360,1.5,358,1.4,-0.3,-5.5,-,-,8000
57053/芮城,小时数据,2024-12-09 20,2024-12-09 20:00:46,000,963.4,1025.8,2.4,3.9,54,9770,0.0,-,13,1.0,12,1.3,1.8,-2.3,-,-,10100
57053/芮城,小时数据,2024-12-09 19,2024-12-09 19:00:40,000,962.6,1024.8,4.5,3.1,37,13467,0.0,-,303,1.0,285,1.2,3.3,0.0,-,-,12900
57053/芮城,小时数据,2024-12-09 18,2024-12-09 18:00:46,000,962.0,1024.1,5.1,3.2,36,14822,0.0,-,261,2.1,258,1.9,4.7,2.9,-,-,15300
57053/芮城,小时数据,2024-12-09 17,2024-12-09 17:00:46,000,961.5,1023.5,5.7,3.3,36,16448,0.0,-,223,1.3,228,1.4,6.8,3.5,-,-,16800
57053/芮城,小时数据,2024-12-09 16,2024-12-09 16:00:38,000,961.5,1023.3,7.3,3.1,30,18035,0.0,-,167,2.3,177,2.4,10.9,11.2,-,-,17300
57053/芮城,小时数据,2024-12-09 15,2024-12-09 15:00:44,000,961.3,1023.0,7.6,3.2,31,15384,0.0,-,110,1.5,131,1.4,14.8,15.6,-,-,15400
57053/芮城,小时数据,2024-12-09 14,2024-12-09 14:00:46,000,961.9,1023.7,7.2,3.1,31,13642,0.0,-,92,1.7,110,2.0,16.8,15.7,-,-,15900
57053/芮城,小时数据,2024-12-09 13,2024-12-09 13:00:47,000,963.2,1025.0,7.2,3.3,33,18392,0.0,-,122,1.3,151,1.6,16.9,17.9,-,-,16600
57053/芮城,小时数据,2024-12-09 12,2024-12-09 12:00:46,000,964.8,1026.9,5.5,3.1,34,14569,0.0,-,226,1.3,216,1.8,14.2,16.0,-,-,15000
57053/芮城,小时数据,2024-12-09 11,2024-12-09 11:00:46,000,966.0,1028.2,4.8,3.4,40,14898,0.0,-,186,2.1,174,1.9,10.6,13.7,-,-,12500
57053/芮城,小时数据,2024-12-09 10,2024-12-09 10:00:45,000,966.0,1028.3,2.8,3.7,50,11584,0.0,-,127,1.3,126,1.2,5.6,8.2,-,-,7600
57053/芮城,小时数据,2024-12-09 09,2024-12-09 09:00:46,000,965.9,1028.5,1.1,3.9,59,6542,0.0,-,54,0.9,50,0.9,1.9,3.2,-,-,7300
57053/芮城,小时数据,2024-12-09 08,2024-12-09 08:34:19,CCA,965.7,1028.3,0.6,3.6,57,11162,0.0,-,176,0.4,145,1.0,0.2,-0.2,0,-,11000
57053/芮城,小时数据,2024-12-09 07,2024-12-09 07:00:49,000,965.6,1028.1,0.5,4.1,65,10331,0.0,-,89,0.9,79,0.9,0.1,-0.7,-,-,9800
57053/芮城,小时数据,2024-12-09 06,2024-12-09 06:00:38,000,965.7,1028.2,0.4,4.2,67,10500,0.0,-,PPC,0.0,PPC,0.2,0.2,-0.9,-,-,11100
57053/芮城,小时数据,2024-12-09 05,2024-12-09 05:00:38,000,965.5,1027.8,0.2,4.0,65,11919,0.0,-,5,0.7,354,0.7,0.1,-1.1,-,-,11400
57053/芮城,小时数据,2024-12-09 04,2024-12-09 04:00:38,000,965.8,1028.0,0.3,3.9,63,11987,0.0,-,2,0.8,8,0.8,0.0,-1.3,-,-,12100
57053/芮城,小时数据,2024-12-09 03,2024-12-09 03:00:38,000,966.2,1028.4,0.5,4.0,63,11613,0.0,-,81,0.8,73,0.9,0.1,-1.2,-,-,10900
57053/芮城,小时数据,2024-12-09 02,2024-12-09 02:00:40,000,966.5,1028.7,0.9,3.7,56,14056,0.0,-,188,1.2,178,1.2,0.3,-1.2,-,-,12100
57053/芮城,小时数据,2024-12-09 01,2024-12-09 01:00:48,000,967.1,1029.4,1.1,4.1,62,9957,0.0,-,22,0.8,360,0.9,0.6,-0.4,-,-,10200
57053/芮城,小时数据,2024-12-09 00,2024-12-09 00:00:41,000,967.4,1029.8,1.3,4.0,60,10182,0.0,-,65,0.9,66,0.7,0.8,-0.3,-,-,9400
57053/芮城,小时数据,2024-12-08 23,2024-12-08 23:00:39,000,967.6,1030.2,1.9,4.1,58,9912,0.0,-,85,0.9,74,1.0,1.0,0.2,-,-,10100
57053/芮城,小时数据,2024-12-08 22,2024-12-08 22:00:38,000,967.9,1030.6,2.8,3.7,50,11374,0.0,-,257,2.0,255,1.8,1.0,1.3,-,-,12100
57053/芮城,小时数据,2024-12-08 21,2024-12-08 21:00:44,000,967.7,1030.8,1.9,3.8,54,9281,0.0,-,160,1.0,161,1.0,1.1,-0.3,-,-,10000
57053/芮城,小时数据,2024-12-08 20,2024-12-08 20:00:38,000,967.7,1031.1,2.7,3.7,50,13632,0.0,-,329,0.8,318,1.3,1.1,-1.2,-,-,14900
57053/芮城,小时数据,2024-12-08 19,2024-12-08 19:00:46,000,967.4,1030.8,3.3,3.5,45,17663,0.0,-,292,0.6,290,1.1,2.1,0.4,-,-,17500
57053/芮城,小时数据,2024-12-08 18,2024-12-08 18:00:47,000,966.8,1030.1,3.7,3.4,43,20890,0.0,-,280,1.3,250,1.0,2.7,-0.1,-,-,17600
57053/芮城,小时数据,2024-12-08 17,2024-12-08 17:00:47,000,966.6,1029.6,5.0,3.3,38,20517,0.0,-,161,1.9,161,1.9,5.2,4.6,-,-,22700
57053/芮城,小时数据,2024-12-08 16,2024-12-08 16:00:40,000,966.9,1029.9,5.8,3.1,34,22539,0.0,-,205,0.8,216,0.7,8.1,8.1,-,-,22100
57053/芮城,小时数据,2024-12-08 15,2024-12-08 15:00:44,000,967.2,1030.1,5.9,3.1,33,30000,0.0,-,151,1.5,127,1.3,9.7,9.8,-,-,24800
57053/芮城,小时数据,2024-12-08 14,2024-12-08 14:00:41,000,968.0,1031.1,5.6,3.2,35,22080,0.0,-,153,1.0,86,1.1,11.5,12.5,-,-,23700
57053/芮城,小时数据,2024-12-08 13,2024-12-08 13:00:45,000,969.3,1032.3,4.9,3.1,36,19393,0.0,-,173,1.3,155,1.3,11.2,11.8,-,-,21100
57053/芮城,小时数据,2024-12-08 12,2024-12-08 12:00:39,000,971.1,1034.3,4.4,2.8,33,20244,0.0,-,156,1.4,120,1.6,10.1,14.7,-,-,21900
57053/芮城,小时数据,2024-12-08 11,2024-12-08 11:00:43,000,972.5,1035.8,2.3,2.9,40,17897,0.0,-,98,1.6,67,1.3,6.1,10.0,-,-,19100
57053/芮城,小时数据,2024-12-08 10,2024-12-08 10:00:45,000,973.0,1036.2,0.3,2.7,44,21439,0.0,-,82,1.9,62,2.2,2.4,6.1,-,-,21300
57053/芮城,小时数据,2024-12-08 09,2024-12-08 09:00:39,000,972.7,1036.3,-2.5,3.0,60,15573,0.0,-,39,1.3,20,1.0,-0.9,2.5,-,-,11700
57053/芮城,小时数据,2024-12-08 08,2024-12-08 08:03:41,CCA,972.4,1036.4,-5.7,2.7,67,21997,0.0,-,134,0.6,124,0.7,-4.4,-6.9,0,-,21100
57053/芮城,小时数据,2024-12-08 07,2024-12-08 07:00:46,000,972.2,1036.3,-6.6,2.6,69,20178,0.0,-,346,0.4,30,0.5,-5.3,-10.4,-,-,16100
57053/芮城,小时数据,2024-12-08 06,2024-12-08 06:00:42,000,972.5,1036.3,-5.8,2.5,62,30000,0.0,-,338,1.8,342,2.4,-5.2,-10.0,-,-,30000
57053/芮城,小时数据,2024-12-08 05,2024-12-08 05:00:38,000,973.0,1036.5,-5.4,2.5,62,30000,0.0,-,4,2.5,4,2.1,-5.0,-9.3,-,-,30000
57053/芮城,小时数据,2024-12-08 04,2024-12-08 04:00:38,000,973.4,1036.7,-5.5,2.5,62,30000,0.0,-,PPC,0.0,9,0.5,-4.7,-10.4,-,-,30000
57053/芮城,小时数据,2024-12-08 03,2024-12-08 03:00:39,000,973.9,1037.1,-5.0,2.6,61,30000,0.0,-,341,1.9,338,2.3,-4.5,-9.9,-,-,30000
57053/芮城,小时数据,2024-12-08 02,2024-12-08 02:00:46,000,973.9,1037.2,-5.6,2.7,66,30000,0.0,-,353,0.6,331,1.0,-4.3,-9.8,-,-,30000
57053/芮城,小时数据,2024-12-08 01,2024-12-08 01:00:47,000,973.7,1036.8,-3.7,2.4,52,30000,0.0,-,328,1.4,339,1.3,-3.9,-9.4,-,-,30000
57053/芮城,小时数据,2024-12-08 00,2024-12-08 00:00:40,000,974.4,1037.6,-3.2,2.2,45,30000,0.0,-,135,0.3,PPC,0.0,-3.6,-9.4,-,-,30000
57053/芮城,小时数据,2024-12-07 23,2024-12-07 23:00:42,000,974.5,1037.6,-1.6,2.2,40,30000,0.0,-,234,1.6,149,1.7,-3.2,-7.6,-,-,30000
57053/芮城,小时数据,2024-12-07 22,2024-12-07 22:00:47,000,974.1,1037.0,1.3,1.8,27,30000,0.0,-,343,2.7,334,2.5,-2.5,-2.7,-,-,30000
57053/芮城,小时数据,2024-12-07 21,2024-12-07 21:00:45,000,974.0,1037.5,0.9,2.2,34,30000,0.0,-,358,1.2,3,1.2,-2.4,-5.7,-,-,30000
57053/芮城,小时数据,2024-12-07 20,2024-12-07 20:00:44,000,973.5,1037.2,0.7,2.6,40,30000,0.0,-,3,2.1,17,1.9,-2.8,-5.7,-,-,30000
57053/芮城,小时数据,2024-12-07 19,2024-12-07 19:00:45,000,972.9,1036.6,0.1,3.1,50,30000,0.0,-,342,1.8,347,1.9,-1.5,-6.4,-,-,27700
57053/芮城,小时数据,2024-12-07 18,2024-12-07 18:00:43,000,972.3,1035.7,2.2,3.3,46,18398,0.0,-,338,1.1,314,1.3,0.4,-6.2,-,-,19800
57053/芮城,小时数据,2024-12-07 17,2024-12-07 17:00:48,000,971.8,1035.0,4.5,3.1,37,30000,0.0,-,255,2.1,253,2.8,4.2,2.7,-,-,30000
57053/芮城,小时数据,2024-12-07 16,2024-12-07 16:00:47,000,971.4,1034.4,6.4,3.3,34,30000,0.0,-,240,3.8,232,3.8,9.8,10.5,-,-,30000
57053/芮城,小时数据,2024-12-07 15,2024-12-07 15:00:44,000,971.1,1033.9,7.3,3.6,35,25129,0.0,-,200,1.4,181,2.1,14.9,17.2,-,-,20900
57053/芮城,小时数据,2024-12-07 14,2024-12-07 14:00:47,000,971.6,1034.3,6.7,3.7,38,20321,0.0,-,216,2.7,212,2.8,15.1,16.1,-,-,22900
57053/芮城,小时数据,2024-12-07 13,2024-12-07 13:00:38,000,972.4,1035.3,6.5,3.7,38,19922,0.0,-,221,3.0,231,3.4,13.9,16.4,-,-,18600
57053/芮城,小时数据,2024-12-07 12,2024-12-07 12:00:38,000,973.3,1036.4,5.6,2.6,29,30000,0.0,-,357,4.5,6,4.0,9.7,14.3,-,-,30000
57053/芮城,小时数据,2024-12-07 11,2024-12-07 11:00:43,000,973.6,1036.4,5.4,2.4,27,30000,0.0,-,354,4.8,338,3.8,7.3,13.3,-,-,30000
57053/芮城,小时数据,2024-12-07 10,2024-12-07 10:00:47,000,973.4,1036.4,4.1,2.9,35,30000,0.0,-,6,2.7,358,2.5,3.1,8.4,-,-,11600
57053/芮城,小时数据,2024-12-07 09,2024-12-07 09:00:47,000,972.6,1036.1,-0.7,4.4,75,8340,0.0,-,76,0.7,43,1.4,-0.7,-0.2,-,-,6600
57053/芮城,小时数据,2024-12-07 08,2024-12-07 08:02:52,CCB,971.5,1035.1,-2.7,3.8,76,10941,0.0,-,124,0.8,191,1.4,-2.9,-5.4,0,-,10300
57053/芮城,小时数据,2024-12-07 07,2024-12-07 07:00:46,000,970.9,1034.2,-2.9,3.7,75,12728,0.0,-,34,1.4,79,1.3,-3.3,-6.4,-,-,11600
57053/芮城,小时数据,2024-12-07 06,2024-12-07 06:00:49,000,970.0,1032.9,-2.2,3.8,73,14653,0.0,-,173,1.1,165,1.4,-3.3,-6.2,-,-,13200
57053/芮城,小时数据,2024-12-07 05,2024-12-07 05:00:44,000,969.9,1032.6,-3.4,3.9,82,17463,0.0,-,342,1.7,346,1.6,-3.6,-7.8,-,-,12700
57053/芮城,小时数据,2024-12-07 04,2024-12-07 04:00:47,000,969.6,1032.2,-3.6,3.6,76,12694,0.0,-,53,0.7,58,0.5,-3.6,-8.5,-,-,13000
57053/芮城,小时数据,2024-12-07 03,2024-12-07 03:00:43,000,969.4,1031.7,-3.4,3.5,74,14718,0.0,-,85,1.4,78,1.1,-3.4,-8.7,-,-,13500
57053/芮城,小时数据,2024-12-07 02,2024-12-07 02:00:45,000,969.2,1031.4,-1.7,3.7,68,16130,0.0,-,26,2.6,12,2.2,-3.1,-7.8,-,-,16700
57053/芮城,小时数据,2024-12-07 01,2024-12-07 01:00:46,000,969.1,1031.5,-2.7,3.7,74,15885,0.0,-,339,2.0,320,1.5,-3.0,-8.0,-,-,16100
57053/芮城,小时数据,2024-12-07 00,2024-12-07 00:01:02,000,968.2,1030.7,-2.6,3.5,69,16264,0.0,-,78,0.3,101,0.6,-2.7,-7.9,-,-,15800
57053/芮城,小时数据,2024-12-06 23,2024-12-06 23:00:45,000,967.8,1030.2,-0.2,3.6,60,24373,0.0,-,332,1.9,332,2.0,-2.3,-7.1,-,-,25200
57053/芮城,小时数据,2024-12-06 22,2024-12-06 22:00:47,000,967.6,1030.3,-0.1,3.5,57,26958,0.0,-,336,1.9,337,1.9,-2.1,-7.0,-,-,25000
57053/芮城,小时数据,2024-12-06 21,2024-12-06 21:00:45,000,967.2,1030.3,-0.5,3.7,62,26621,0.0,-,323,2.1,326,2.2,-2.4,-6.0,-,-,21700
57053/芮城,小时数据,2024-12-06 20,2024-12-06 20:00:47,000,966.2,1029.6,0.4,3.7,59,22428,0.0,-,29,0.7,4,0.9,-1.4,-6.6,-,-,21300
57053/芮城,小时数据,2024-12-06 19,2024-12-06 19:00:38,000,965.3,1028.5,3.1,3.7,48,22392,0.0,-,340,2.3,351,2.0,0.2,-4.2,-,-,21300
57053/芮城,小时数据,2024-12-06 18,2024-12-06 18:00:47,000,964.6,1027.4,5.3,3.8,43,21476,0.0,-,6,2.1,353,1.7,2.3,-0.6,-,-,12300
57053/芮城,小时数据,2024-12-06 17,2024-12-06 17:00:48,000,963.9,1026.4,7.9,3.5,33,23890,0.0,-,139,1.0,74,1.0,5.7,1.6,-,-,23700
57053/芮城,小时数据,2024-12-06 16,2024-12-06 16:00:40,000,963.6,1025.9,8.9,3.6,32,24415,0.0,-,248,3.3,243,3.8,10.3,9.7,-,-,26600
57053/芮城,小时数据,2024-12-06 15,2024-12-06 15:00:46,000,963.4,1025.4,10.8,3.5,27,30000,0.0,-,274,3.7,265,3.4,16.1,18.3,-,-,30000
57053/芮城,小时数据,2024-12-06 14,2024-12-06 14:00:39,000,963.5,1025.5,10.4,3.3,26,30000,0.0,-,250,6.2,248,5.4,17.1,18.1,-,-,30000
57053/芮城,小时数据,2024-12-06 13,2024-12-06 13:00:47,000,964.5,1026.6,9.5,4.2,35,24626,0.0,-,254,3.3,235,2.9,17.0,20.2,-,-,20900
57053/芮城,小时数据,2024-12-06 12,2024-12-06 12:00:38,000,965.2,1027.4,7.6,4.3,41,21225,0.0,-,246,4.9,247,4.7,11.9,15.4,-,-,20300
57053/芮城,小时数据,2024-12-06 11,2024-12-06 11:00:42,000,965.8,1028.1,6.2,4.5,48,19207,0.0,-,261,3.5,253,3.3,8.7,15.7,-,-,14200
57053/芮城,小时数据,2024-12-06 10,2024-12-06 10:00:45,000,965.3,1027.7,3.6,4.5,57,11941,0.0,-,252,2.4,234,2.7,4.3,11.6,-,-,9000
57053/芮城,小时数据,2024-12-06 09,2024-12-06 09:01:28,CCA,964.9,1027.4,0.1,4.9,80,8615,0.0,-,133,0.4,83,0.5,-0.4,5.3,0,-,6900
57053/芮城,小时数据,2024-12-06 08,2024-12-06 08:47:05,CCA,964.7,1027.6,-4.2,4.2,94,10549,0.0,-,349,2.5,344,2.2,-3.7,-7.0,0,-,9500
57053/芮城,小时数据,2024-12-06 07,2024-12-06 07:00:44,000,964.5,1027.4,-5.5,3.6,89,11889,0.0,-,PPC,0.0,94,0.4,-4.1,-9.9,-,-,12000
57053/芮城,小时数据,2024-12-06 06,2024-12-06 06:00:46,000,964.3,1027.0,-5.0,3.8,89,13985,0.0,-,338,1.0,339,1.4,-3.8,-9.6,-,-,14500
57053/芮城,小时数据,2024-12-06 05,2024-12-06 05:00:44,000,964.4,1026.9,-4.9,3.7,87,21317,0.0,-,36,0.9,13,0.8,-3.5,-9.4,-,-,18600
57053/芮城,小时数据,2024-12-06 04,2024-12-06 04:00:40,000,964.8,1027.3,-4.4,3.7,85,18789,0.0,-,344,1.3,354,0.9,-3.3,-9.1,-,-,18200
57053/芮城,小时数据,2024-12-06 03,2024-12-06 03:00:38,000,964.7,1027.1,-3.9,3.8,82,18111,0.0,-,334,1.5,347,1.6,-3.0,-8.8,-,-,17400
57053/芮城,小时数据,2024-12-06 02,2024-12-06 02:00:38,000,964.5,1026.7,-3.4,3.8,79,15900,0.0,-,330,1.2,337,1.2,-2.8,-8.5,-,-,18500
57053/芮城,小时数据,2024-12-06 01,2024-12-06 01:00:46,000,964.4,1026.7,-3.2,3.9,80,14810,0.0,-,344,1.7,345,1.3,-2.5,-8.0,-,-,14900
57053/芮城,小时数据,2024-12-06 00,2024-12-06 00:01:03,000,965.0,1027.3,-1.7,3.9,73,14702,0.0,-,344,1.6,351,1.5,-2.2,-7.6,-,-,11900
57053/芮城,小时数据,2024-12-05 23,2024-12-05 23:00:44,000,965.1,1027.5,-0.8,4.2,73,16480,0.0,-,346,2.2,342,1.7,-1.9,-6.8,-,-,15400
57053/芮城,小时数据,2024-12-05 22,2024-12-05 22:00:44,000,965.0,1027.4,1.0,4.4,67,13447,0.0,-,80,1.1,56,1.1,-0.8,-5.6,-,-,12300
57053/芮城,小时数据,2024-12-05 21,2024-12-05 21:00:45,000,965.1,1027.7,3.2,4.7,61,13786,0.0,-,329,1.2,341,1.0,1.9,-0.6,-,-,13600
57053/芮城,小时数据,2024-12-05 20,2024-12-05 20:00:39,000,964.5,1027.2,4.1,4.6,56,14170,0.0,-,324,0.9,315,0.8,3.0,0.6,-,-,14100
57053/芮城,小时数据,2024-12-05 19,2024-12-05 19:00:40,000,964.0,1026.4,5.6,4.3,47,16939,0.0,-,254,1.2,255,1.2,3.8,2.3,-,-,17100
57053/芮城,小时数据,2024-12-05 18,2024-12-05 18:00:45,000,963.5,1025.5,6.4,4.0,42,25026,0.0,-,256,1.1,279,1.4,4.7,2.9,-,-,22200
57053/芮城,小时数据,2024-12-05 17,2024-12-05 17:00:38,000,963.2,1025.0,7.6,3.8,36,24799,0.0,-,264,3.2,269,3.4,6.5,6.9,-,-,26400
57053/芮城,小时数据,2024-12-05 16,2024-12-05 16:00:46,000,963.5,1025.0,7.8,3.8,36,30000,0.0,-,249,5.4,253,5.2,8.8,8.6,-,-,30000
57053/芮城,小时数据,2024-12-05 15,2024-12-05 15:00:45,000,963.7,1025.1,8.2,3.7,34,30000,0.0,-,242,4.6,240,5.3,12.1,11.7,-,-,29500
57053/芮城,小时数据,2024-12-05 14,2024-12-05 14:00:38,000,964.3,1025.6,8.7,3.8,34,28576,0.0,-,253,4.2,242,2.5,14.3,15.3,-,-,28400
57053/芮城,小时数据,2024-12-05 13,2024-12-05 13:00:37,000,965.0,1026.7,7.6,4.2,40,26276,0.0,-,275,2.8,254,2.1,13.3,14.9,-,-,19800
57053/芮城,小时数据,2024-12-05 12,2024-12-05 12:00:44,000,966.6,1028.3,6.6,4.2,43,18521,0.0,-,255,5.0,248,4.4,10.4,12.4,-,-,15300
57053/芮城,小时数据,2024-12-05 11,2024-12-05 11:00:45,000,967.3,1029.4,5.4,4.4,49,15405,0.0,-,229,2.0,243,2.0,7.3,15.5,-,-,14700
57053/芮城,小时数据,2024-12-05 10,2024-12-05 10:00:51,000,967.7,1030.1,3.2,4.4,57,12718,0.0,-,219,1.7,222,1.5,1.0,5.5,-,-,6300
57053/芮城,小时数据,2024-12-05 09,2024-12-05 09:00:43,000,967.8,1030.8,-0.9,4.3,76,8405,0.0,-,247,0.4,303,0.6,-0.6,1.0,-,-,6300
57053/芮城,小时数据,2024-12-05 08,2024-12-06 08:47:58,CCA,967.8,1030.8,-2.3,4.0,78,7534,0.0,-,40,1.1,102,0.7,-2.7,-5.9,0,-,7100
57053/芮城,小时数据,2024-12-05 07,2024-12-05 07:00:44,000,967.3,1030.2,-2.1,3.9,74,10397,0.0,-,173,0.6,136,0.7,-2.9,-7.2,-,-,10300
57053/芮城,小时数据,2024-12-05 06,2024-12-05 06:00:40,000,966.9,1029.3,0.2,4.0,64,13605,0.0,-,254,0.5,313,0.6,-2.5,-6.4,-,-,11700
57053/芮城,小时数据,2024-12-05 05,2024-12-05 05:00:47,000,966.7,1028.6,0.9,3.7,56,26507,0.0,-,231,0.6,291,0.7,-2.4,-6.0,-,-,27200
57053/芮城,小时数据,2024-12-05 04,2024-12-05 04:00:47,000,966.8,1028.3,3.6,3.6,45,30000,0.0,-,304,1.0,327,1.5,-1.9,-4.1,-,-,30000
57053/芮城,小时数据,2024-12-05 03,2024-12-05 03:00:39,000,967.0,1028.5,4.2,3.6,44,30000,0.0,-,332,1.4,330,2.2,-1.8,-2.4,-,-,30000
57053/芮城,小时数据,2024-12-05 02,2024-12-05 02:00:45,000,966.6,1028.0,4.3,3.7,44,30000,0.0,-,276,2.2,306,2.1,-1.5,-0.8,-,-,30000
57053/芮城,小时数据,2024-12-05 01,2024-12-05 01:00:44,000,966.9,1028.5,2.6,3.6,49,30000,0.0,-,343,1.0,338,1.0,-1.8,-5.4,-,-,30000
57053/芮城,小时数据,2024-12-05 00,2024-12-05 00:01:00,000,967.1,1028.4,5.0,3.7,42,28411,0.0,-,360,2.5,353,2.6,-1.0,-0.1,-,-,25600
57053/芮城,小时数据,2024-12-04 23,2024-12-04 23:00:38,000,967.4,1029.2,2.5,3.9,53,22082,0.0,-,342,2.6,332,1.8,-2.1,-3.5,-,-,17500
57053/芮城,小时数据,2024-12-04 22,2024-12-04 22:00:40,000,967.4,1029.3,2.5,3.7,51,21373,0.0,-,325,1.3,325,1.5,-1.6,-5.1,-,-,22000
57053/芮城,小时数据,2024-12-04 21,2024-12-04 21:00:50,000,967.1,1029.4,1.9,3.9,55,24733,0.0,-,328,1.7,334,2.0,-0.9,-4.9,-,-,21600
57053/芮城,小时数据,2024-12-04 20,2024-12-04 20:00:40,000,966.7,1029.0,2.6,4.2,57,15493,0.0,-,339,1.6,341,1.6,0.3,-4.6,-,-,16300
57053/芮城,小时数据,2024-12-04 19,2024-12-04 19:00:44,000,966.1,1028.2,3.7,4.2,53,12342,0.0,-,332,1.3,337,1.4,2.2,-2.5,-,-,12200
57053/芮城,小时数据,2024-12-04 18,2024-12-04 18:00:45,000,965.2,1027.1,5.4,5.2,58,13040,0.0,-,PPC,0.2,273,0.7,4.3,0.5,-,-,13000
57053/芮城,小时数据,2024-12-04 17,2024-12-04 17:00:47,000,964.9,1026.4,8.6,4.7,42,11127,0.0,-,149,0.9,160,1.0,7.6,6.3,-,-,13300
57053/芮城,小时数据,2024-12-04 16,2024-12-04 16:00:47,000,964.8,1026.1,9.3,4.0,34,22258,0.0,-,22,0.6,24,0.3,10.0,11.3,-,-,20800
57053/芮城,小时数据,2024-12-04 15,2024-12-04 15:00:39,000,964.8,1026.2,8.9,4.6,40,17504,0.0,-,238,2.6,238,2.5,10.5,10.6,-,-,16600
57053/芮城,小时数据,2024-12-04 14,2024-12-04 14:00:40,000,965.0,1026.3,9.5,4.5,38,21484,0.0,-,254,3.7,251,3.7,12.6,12.8,-,-,11900
57053/芮城,小时数据,2024-12-04 13,2024-12-04 13:00:45,000,965.4,1026.8,9.4,3.9,33,25005,0.0,-,261,3.0,259,3.7,12.2,12.5,-,-,26800
57053/芮城,小时数据,2024-12-04 12,2024-12-04 12:00:45,000,966.4,1027.7,10.2,4.6,37,15703,0.0,-,258,2.4,242,1.9,14.2,15.8,-,-,15600
57053/芮城,小时数据,2024-12-04 11,2024-12-04 11:00:47,000,967.0,1028.5,8.4,4.6,42,13554,0.0,-,237,3.5,243,3.2,10.0,12.4,-,-,11500
57053/芮城,小时数据,2024-12-04 10,2024-12-04 10:00:40,000,967.1,1028.8,7.1,4.7,47,10767,0.0,-,256,3.7,241,3.4,8.2,12.7,-,-,8700
57053/芮城,小时数据,2024-12-04 09,2024-12-04 09:00:40,000,966.8,1028.8,4.3,5.4,65,7751,0.0,-,14,1.2,24,1.2,3.8,5.3,-,-,7800
57053/芮城,小时数据,2024-12-04 08,2024-12-06 08:48:34,CCA,966.5,1028.7,3.7,5.4,68,11221,0.0,-,342,0.5,330,0.4,3.2,2.7,0,-,9200
57053/芮城,小时数据,2024-12-04 07,2024-12-04 07:00:47,000,965.9,1028.0,3.6,5.7,72,9492,0.0,-,65,0.9,55,0.9,3.0,2.0,-,-,8800
57053/芮城,小时数据,2024-12-04 06,2024-12-04 06:00:46,000,965.6,1027.5,3.5,5.7,73,10709,0.0,-,PPC,0.0,35,0.7,3.1,2.0,-,-,10900
57053/芮城,小时数据,2024-12-04 05,2024-12-04 05:00:38,000,965.4,1026.8,3.7,5.7,71,13179,0.0,-,7,1.4,3,0.6,3.2,2.3,-,-,12100
57053/芮城,小时数据,2024-12-04 04,2024-12-04 04:00:41,000,965.5,1026.7,4.0,5.4,67,14262,0.0,-,34,1.5,76,1.2,3.3,2.5,-,-,14300
57053/芮城,小时数据,2024-12-04 03,2024-12-04 03:00:38,000,965.8,1027.1,3.9,5.7,71,15249,0.0,-,44,1.1,58,0.9,3.4,2.2,-,-,14200
57053/芮城,小时数据,2024-12-04 02,2024-12-04 02:00:39,000,965.7,1027.0,4.1,5.3,65,15762,0.0,-,195,0.8,197,0.9,3.6,2.3,-,-,15500
57053/芮城,小时数据,2024-12-04 01,2024-12-04 01:00:46,000,965.7,1027.1,4.0,5.8,71,14296,0.0,-,16,0.6,9,0.4,3.7,2.5,-,-,13900
57053/芮城,小时数据,2024-12-04 00,2024-12-04 00:01:00,000,965.6,1027.1,4.2,5.4,65,13977,0.0,-,337,0.7,346,1.1,3.8,2.9,-,-,11900
57053/芮城,小时数据,2024-12-03 23,2024-12-03 23:00:45,000,965.2,1026.7,4.5,5.3,63,13226,0.0,-,183,1.0,171,1.2,3.9,2.9,-,-,14300
57053/芮城,小时数据,2024-12-03 22,2024-12-03 22:00:48,000,964.8,1026.6,4.3,5.2,63,14822,0.0,-,PPC,0.0,157,0.5,4.0,2.8,-,-,14900
57053/芮城,小时数据,2024-12-03 21,2024-12-03 21:00:44,000,964.5,1026.8,4.0,5.0,61,15400,0.0,-,352,1.0,10,1.1,3.9,2.8,-,-,13700
57053/芮城,小时数据,2024-12-03 20,2024-12-03 20:00:40,000,963.8,1026.6,2.7,4.6,62,12299,0.0,-,17,0.9,54,0.7,3.2,1.0,-,-,12900
57053/芮城,小时数据,2024-12-03 19,2024-12-03 19:00:40,000,963.2,1025.8,3.9,4.3,53,16245,0.0,-,340,1.9,342,2.0,2.3,-1.6,-,-,15100
57053/芮城,小时数据,2024-12-03 18,2024-12-03 18:00:44,000,962.8,1025.2,5.8,4.1,44,8162,0.0,-,346,2.2,358,1.8,3.9,-2.6,-,-,9800
57053/芮城,小时数据,2024-12-03 17,2024-12-03 17:00:45,000,962.6,1024.5,9.4,3.5,30,29899,0.0,-,146,1.1,151,1.1,7.7,3.4,-,-,28900
57053/芮城,小时数据,2024-12-03 16,2024-12-03 16:00:46,000,962.4,1024.1,11.1,3.6,27,30000,0.0,-,213,1.1,199,1.0,13.1,17.2,-,-,27900
57053/芮城,小时数据,2024-12-03 15,2024-12-03 15:00:38,000,962.5,1024.3,10.5,3.6,28,23758,0.0,-,122,2.0,150,1.4,17.1,19.3,-,-,25700
57053/芮城,小时数据,2024-12-03 14,2024-12-03 14:00:37,000,963.1,1024.8,10.5,4.3,34,19237,0.0,-,176,1.6,177,1.7,18.9,20.0,-,-,20800
57053/芮城,小时数据,2024-12-03 13,2024-12-03 13:00:39,000,964.0,1025.9,9.3,4.4,38,21806,0.0,-,179,1.9,162,1.5,18.8,20.5,-,-,16600
57053/芮城,小时数据,2024-12-03 12,2024-12-03 12:00:47,000,965.5,1027.4,8.2,4.8,44,18429,0.0,-,149,0.9,160,1.7,16.0,19.4,-,-,16700
57053/芮城,小时数据,2024-12-03 11,2024-12-03 11:00:43,000,966.5,1028.5,7.3,4.5,44,16776,0.0,-,155,1.6,134,1.1,11.0,17.8,-,-,15200
57053/芮城,小时数据,2024-12-03 10,2024-12-03 10:00:44,000,967.0,1029.1,4.9,4.4,51,16690,0.0,-,124,1.2,117,1.2,4.5,12.4,-,-,15000
57053/芮城,小时数据,2024-12-03 09,2024-12-03 09:00:46,000,966.5,1028.9,0.9,5.1,78,9639,0.0,-,PPC,0.0,20,0.3,0.0,5.3,-,-,10500
57053/芮城,小时数据,2024-12-03 08,2024-12-03 08:00:48,000,966.1,1029.0,-2.6,4.1,82,12234,0.0,-,349,0.9,352,0.9,-1.9,-5.1,-,-,12200
57053/芮城,小时数据,2024-12-03 07,2024-12-03 07:00:38,000,965.5,1028.2,-2.6,3.9,77,14268,0.0,-,334,1.0,356,0.7,-2.1,-5.6,-,-,14000
57053/芮城,小时数据,2024-12-03 06,2024-12-03 06:00:42,000,965.5,1027.9,-2.9,3.8,78,16671,0.0,-,168,0.7,167,1.1,-2.5,-7.7,-,-,16600
57053/芮城,小时数据,2024-12-03 05,2024-12-03 05:00:38,000,965.4,1027.5,-2.1,4.1,79,18042,0.0,-,340,2.8,341,2.5,-2.3,-6.3,-,-,18700
57053/芮城,小时数据,2024-12-03 04,2024-12-03 04:00:39,000,965.5,1027.4,-2.0,3.9,73,20440,0.0,-,329,1.1,332,1.1,-2.2,-7.4,-,-,22600
57053/芮城,小时数据,2024-12-03 03,2024-12-03 03:00:39,000,965.3,1027.3,-2.3,4.0,78,17938,0.0,-,23,0.7,26,0.9,-1.9,-6.7,-,-,17600
57053/芮城,小时数据,2024-12-03 02,2024-12-03 02:00:39,000,965.4,1027.2,-1.4,4.0,73,15998,0.0,-,350,1.2,350,1.1,-1.7,-6.1,-,-,18000
57053/芮城,小时数据,2024-12-03 01,2024-12-03 01:00:48,000,965.3,1027.1,-1.4,4.1,75,16169,0.0,-,188,0.9,159,0.7,-1.6,-6.1,-,-,15300
57053/芮城,小时数据,2024-12-03 00,2024-12-03 00:01:01,000,965.1,1026.9,0.2,4.2,67,19266,0.0,-,3,1.1,354,1.5,-1.2,-5.7,-,-,20000
57053/芮城,小时数据,2024-12-02 23,2024-12-02 23:00:40,000,965.1,1027.0,1.6,4.2,62,18858,0.0,-,350,2.2,351,1.7,-0.3,-4.8,-,-,19100
57053/芮城,小时数据,2024-12-02 22,2024-12-02 22:00:38,000,964.6,1026.5,3.4,4.7,60,17493,0.0,-,358,1.2,354,1.3,1.7,-2.1,-,-,17400
57053/芮城,小时数据,2024-12-02 21,2024-12-02 21:00:46,000,963.8,1026.0,4.1,4.7,57,19527,0.0,-,342,1.4,345,1.3,3.5,1.9,-,-,17800
57053/芮城,小时数据,2024-12-02 20,2024-12-02 20:00:49,000,963.2,1026.0,2.9,4.8,64,12384,0.0,-,349,1.0,5,0.9,3.0,0.8,-,-,11000
57053/芮城,小时数据,2024-12-02 19,2024-12-02 19:00:45,000,962.4,1025.0,4.5,4.4,52,17543,0.0,-,PPC,0.2,PPC,0.0,2.4,-3.6,-,-,16300
57053/芮城,小时数据,2024-12-02 18,2024-12-02 18:00:44,000,961.6,1023.9,7.3,4.2,41,22302,0.0,-,224,1.5,225,1.5,5.6,1.1,-,-,19600
57053/芮城,小时数据,2024-12-02 17,2024-12-02 17:00:45,000,961.0,1022.9,9.3,3.7,32,21314,0.0,-,251,2.6,254,2.5,8.3,8.0,-,-,19600
57053/芮城,小时数据,2024-12-02 16,2024-12-02 16:00:39,000,960.9,1022.7,10.4,4.9,39,16797,0.0,-,224,2.7,233,2.1,12.0,12.1,-,-,15700
57053/芮城,小时数据,2024-12-02 15,2024-12-02 15:00:39,000,960.6,1022.3,10.4,3.9,31,23780,0.0,-,235,2.9,241,3.0,14.4,14.4,-,-,19200
57053/芮城,小时数据,2024-12-02 14,2024-12-02 14:00:40,000,961.0,1022.6,10.8,4.0,31,24133,0.0,-,247,3.3,249,3.6,17.1,16.7,-,-,25900
57053/芮城,小时数据,2024-12-02 13,2024-12-02 13:00:41,000,961.9,1023.6,10.7,4.2,33,20771,0.0,-,221,2.9,209,2.6,20.0,23.0,-,-,21600
57053/芮城,小时数据,2024-12-02 12,2024-12-02 12:00:39,000,962.6,1024.4,9.3,4.1,35,23589,0.0,-,202,2.1,213,1.6,16.1,21.5,-,-,15900
57053/芮城,小时数据,2024-12-02 11,2024-12-02 11:00:42,000,963.3,1025.1,7.3,5.1,50,11803,0.0,-,127,1.5,132,1.2,10.1,17.6,-,-,9600
57053/芮城,小时数据,2024-12-02 10,2024-12-02 10:00:43,000,963.3,1025.5,4.6,5.3,62,8593,0.0,-,149,1.3,135,1.3,5.0,13.2,-,-,8300
57053/芮城,小时数据,2024-12-02 09,2024-12-02 09:00:46,000,962.9,1025.4,1.6,5.0,73,6264,0.0,-,PPC,0.0,PPC,0.2,0.2,7.6,-,-,7000
57053/芮城,小时数据,2024-12-02 08,2024-12-02 08:00:45,000,962.5,1025.3,-3.2,4.1,85,7794,0.0,-,19,0.9,19,0.9,-2.7,-6.5,-,-,8200
57053/芮城,小时数据,2024-12-02 07,2024-12-02 07:00:38,000,961.5,1024.0,-3.6,3.9,84,10610,0.0,-,345,1.3,322,1.1,-3.1,-8.8,-,-,12900
57053/芮城,小时数据,2024-12-02 06,2024-12-02 06:00:43,000,960.4,1022.6,-3.8,3.7,81,11893,0.0,-,274,0.5,276,0.7,-2.8,-8.1,-,-,12100
57053/芮城,小时数据,2024-12-02 05,2024-12-02 05:00:39,000,959.6,1021.0,-3.1,4.1,84,18763,0.0,-,319,1.1,330,1.3,-2.6,-8.1,-,-,18100
57053/芮城,小时数据,2024-12-02 04,2024-12-02 04:00:44,000,959.0,1020.0,-2.9,4.1,83,24295,0.0,-,58,0.9,47,0.9,-2.5,-8.1,-,-,17800
57053/芮城,小时数据,2024-12-02 03,2024-12-02 03:00:45,000,958.3,1019.3,-3.0,3.9,79,20750,0.0,-,320,1.5,334,1.6,-2.2,-7.6,-,-,19700
57053/芮城,小时数据,2024-12-02 02,2024-12-02 02:00:46,000,957.9,1018.7,-1.9,3.9,74,24055,0.0,-,329,1.5,344,1.2,-2.0,-7.5,-,-,23700
57053/芮城,小时数据,2024-12-02 01,2024-12-02 01:00:45,000,957.4,1018.4,-1.9,4.1,77,20333,0.0,-,346,1.6,353,1.6,-1.9,-7.0,-,-,20600
57053/芮城,小时数据,2024-12-02 00,2024-12-02 00:00:41,000,957.1,1018.1,-1.2,4.1,74,23096,0.0,-,346,0.4,5,1.2,-1.8,-7.0,-,-,19000
57053/芮城,小时数据,2024-12-01 23,2024-12-01 23:00:44,000,956.5,1017.5,0.8,4.3,66,20768,0.0,-,333,2.1,347,2.3,-1.4,-5.8,-,-,19600
57053/芮城,小时数据,2024-12-01 22,2024-12-01 22:00:41,000,956.0,1017.3,0.7,4.2,66,20288,0.0,-,334,1.3,328,1.6,-1.0,-6.0,-,-,19800
57053/芮城,小时数据,2024-12-01 21,2024-12-01 21:00:42,000,955.3,1016.9,0.9,4.5,69,16464,0.0,-,17,1.0,12,1.1,-0.1,-5.3,-,-,16500
57053/芮城,小时数据,2024-12-01 20,2024-12-01 20:00:38,000,954.5,1016.8,2.8,4.6,61,19721,0.0,-,356,1.6,346,1.8,1.2,-4.6,-,-,13700
57053/芮城,小时数据,2024-12-01 19,2024-12-01 19:00:38,000,954.0,1016.0,5.0,4.9,56,11971,0.0,-,338,2.3,340,2.3,2.7,-3.8,-,-,9500
57053/芮城,小时数据,2024-12-01 18,2024-12-01 18:00:45,000,953.2,1014.9,7.2,5.1,50,18350,0.0,-,61,0.6,50,0.6,5.0,-2.6,-,-,16800
57053/芮城,小时数据,2024-12-01 17,2024-12-01 17:00:45,000,952.8,1013.6,13.4,5.1,33,19970,0.0,-,147,1.0,115,1.4,9.7,8.0,-,-,20700
57053/芮城,小时数据,2024-12-01 16,2024-12-01 16:00:38,000,952.7,1013.2,16.0,3.8,21,30000,0.0,-,222,1.9,231,1.7,15.9,23.3,-,-,28700
57053/芮城,小时数据,2024-12-01 15,2024-12-01 15:00:50,000,952.9,1013.5,15.6,3.9,22,22739,0.0,-,223,1.4,250,2.3,20.1,25.1,-,-,28300
57053/芮城,小时数据,2024-12-01 14,2024-12-01 14:00:44,000,953.4,1013.9,15.8,3.4,19,30000,0.0,-,218,3.1,231,2.7,22.0,26.6,-,-,30000
57053/芮城,小时数据,2024-12-01 13,2024-12-01 13:00:38,000,954.4,1015.0,14.5,4.0,24,24079,0.0,-,254,3.4,246,3.7,21.4,24.9,-,-,26200
57053/芮城,小时数据,2024-12-01 12,2024-12-01 12:00:38,000,955.7,1016.5,13.6,4.0,26,22416,0.0,-,191,2.2,199,2.4,18.4,25.1,-,-,24400
57053/芮城,小时数据,2024-12-01 11,2024-12-01 11:00:42,000,956.7,1017.7,10.8,4.3,33,27542,0.0,-,254,3.1,256,3.2,12.2,21.6,-,-,23100
57053/芮城,小时数据,2024-12-01 10,2024-12-01 10:00:38,000,956.8,1018.2,7.8,4.1,39,18888,0.0,-,254,4.6,255,4.9,6.1,14.9,-,-,17000
57053/芮城,小时数据,2024-12-01 09,2024-12-01 09:00:44,000,956.9,1018.5,4.4,4.3,51,13223,0.0,-,257,4.4,257,4.1,0.8,6.8,-,-,12000
57053/芮城,小时数据,2024-12-01 08,2024-12-01 08:00:45,000,956.6,1019.0,-3.6,4.0,85,14591,0.0,-,339,1.5,339,1.3,-2.7,-6.7,-,-,15900
57053/芮城,小时数据,2024-12-01 07,2024-12-01 07:00:42,000,956.1,1018.1,-3.7,3.7,80,18619,0.0,-,15,0.6,343,1.3,-3.1,-8.6,-,-,18800
57053/芮城,小时数据,2024-12-01 06,2024-12-01 06:00:46,000,955.5,1016.9,-3.4,4.0,84,17684,0.0,-,11,1.2,11,1.3,-2.8,-8.4,-,-,17800
57053/芮城,小时数据,2024-12-01 05,2024-12-01 05:00:45,000,955.4,1016.5,-2.4,4.2,82,19031,0.0,-,44,0.8,74,0.6,-2.6,-7.6,-,-,18500
57053/芮城,小时数据,2024-12-01 04,2024-12-01 04:00:37,000,955.6,1016.5,-2.4,4.1,80,17505,0.0,-,313,0.7,354,0.5,-2.3,-7.7,-,-,18100
57053/芮城,小时数据,2024-12-01 03,2024-12-01 03:00:39,000,955.5,1016.3,-2.1,4.2,81,16105,0.0,-,327,1.5,337,1.3,-2.1,-6.8,-,-,18400
57053/芮城,小时数据,2024-12-01 02,2024-12-01 02:00:37,000,955.2,1016.1,-1.8,4.1,77,18255,0.0,-,PPC,0.0,PPC,0.2,-1.9,-6.9,-,-,18100
57053/芮城,小时数据,2024-12-01 01,2024-12-01 01:00:45,000,955.1,1016.0,-0.8,4.1,72,19968,0.0,-,334,1.9,339,1.8,-1.7,-5.2,-,-,20300
57053/芮城,小时数据,2024-12-01 00,2024-12-01 00:01:01,000,955.3,1016.2,-0.5,4.2,71,20791,0.0,-,12,1.3,349,1.2,-1.4,-5.7,-,-,20200
57053/芮城,小时数据,2024-11-30 23,2024-11-30 23:00:44,000,955.4,1016.4,0.9,4.1,63,19722,0.0,-,327,1.3,320,1.5,-1.0,-5.2,-,-,19100
57053/芮城,小时数据,2024-11-30 22,2024-11-30 22:00:43,000,955.5,1016.8,0.6,4.1,65,15733,0.0,-,341,1.0,344,1.2,-0.1,-4.8,-,-,12300
57053/芮城,小时数据,2024-11-30 21,2024-11-30 21:00:40,000,955.7,1017.4,2.0,4.1,58,10383,0.0,-,31,0.9,39,0.8,1.0,-4.0,-,-,10200
57053/芮城,小时数据,2024-11-30 20,2024-11-30 20:00:48,000,955.3,1017.0,3.3,4.0,52,17111,0.0,-,317,1.1,343,1.0,2.4,-2.4,-,-,14000
57053/芮城,小时数据,2024-11-30 19,2024-11-30 19:00:46,000,955.0,1016.3,6.4,4.5,47,19153,0.0,-,270,0.8,258,1.3,4.0,-2.4,-,-,19000
57053/芮城,小时数据,2024-11-30 18,2024-11-30 18:00:44,000,954.6,1015.4,10.9,3.4,26,26302,0.0,-,353,1.4,290,1.6,7.2,4.8,-,-,28900
57053/芮城,小时数据,2024-11-30 17,2024-11-30 17:00:45,000,954.2,1014.9,12.4,3.5,24,30000,0.0,-,246,5.0,244,5.1,9.8,10.7,-,-,18000
57053/芮城,小时数据,2024-11-30 16,2024-11-30 16:00:44,000,954.3,1014.7,14.8,2.4,14,30000,0.0,-,256,3.9,259,4.4,14.4,19.0,-,-,30000
57053/芮城,小时数据,2024-11-30 15,2024-11-30 15:00:38,000,954.4,1014.9,14.9,2.7,16,30000,0.0,-,267,5.8,260,5.7,18.1,20.3,-,-,29700
57053/芮城,小时数据,2024-11-30 14,2024-11-30 14:00:44,000,955.0,1015.7,13.7,3.6,23,26414,0.0,-,252,6.4,246,6.8,20.1,20.4,-,-,25500
57053/芮城,小时数据,2024-11-30 13,2024-11-30 13:00:38,000,956.4,1017.2,12.7,3.7,25,30000,0.0,-,201,1.0,204,2.4,21.0,22.6,-,-,26100
57053/芮城,小时数据,2024-11-30 12,2024-11-30 12:00:37,000,957.9,1018.9,12.6,3.6,25,24822,0.0,-,217,3.7,215,3.1,18.9,23.5,-,-,20700
57053/芮城,小时数据,2024-11-30 11,2024-11-30 11:00:47,000,959.3,1020.6,10.5,4.7,37,12922,0.0,-,89,1.0,80,0.8,14.2,22.3,-,-,17100
57053/芮城,小时数据,2024-11-30 10,2024-11-30 10:00:40,000,959.8,1021.4,8.2,4.2,39,16526,0.0,-,207,1.7,212,1.6,9.5,18.5,-,-,13400
57053/芮城,小时数据,2024-11-30 09,2024-11-30 09:00:44,000,959.9,1022.0,3.1,4.7,62,9550,0.0,-,334,0.8,358,0.6,2.0,11.0,-,-,9800
57053/芮城,小时数据,2024-11-30 08,2024-11-30 08:00:44,000,959.5,1021.5,1.2,4.5,67,23696,0.0,-,314,0.6,330,1.1,-0.6,-1.6,-,-,23400
57053/芮城,小时数据,2024-11-30 07,2024-11-30 07:00:45,000,959.4,1021.2,1.7,4.6,66,29130,0.0,-,30,0.9,5,1.5,-0.4,-0.9,-,-,28900
57053/芮城,小时数据,2024-11-30 06,2024-11-30 06:00:47,000,959.5,1020.7,1.4,4.5,67,30000,0.0,-,166,0.3,119,0.6,-0.5,-1.5,-,-,30000
57053/芮城,小时数据,2024-11-30 05,2024-11-30 05:00:38,000,960.0,1021.0,1.1,4.4,66,30000,0.0,-,37,1.3,107,0.6,-0.5,-1.9,-,-,30000
57053/芮城,小时数据,2024-11-30 04,2024-11-30 04:00:38,000,960.8,1021.8,0.9,4.2,65,30000,0.0,-,346,2.1,345,2.3,-0.5,-1.1,-,-,30000
57053/芮城,小时数据,2024-11-30 03,2024-11-30 03:00:37,000,961.4,1022.5,0.0,4.3,70,30000,0.0,-,PPC,0.2,138,1.0,-1.3,-4.4,-,-,30000
57053/芮城,小时数据,2024-11-30 02,2024-11-30 02:00:45,000,961.6,1022.8,-0.6,4.1,70,30000,0.0,-,31,1.1,21,1.0,-1.0,-3.6,-,-,30000
57053/芮城,小时数据,2024-11-30 01,2024-11-30 01:00:45,000,962.0,1023.2,0.3,4.0,64,30000,0.0,-,346,2.0,333,1.6,-1.4,-5.3,-,-,30000
57053/芮城,小时数据,2024-11-30 00,2024-11-30 00:00:40,000,962.4,1023.8,-0.4,4.2,70,30000,0.0,-,2,2.6,350,1.5,-1.3,-4.7,-,-,30000
57053/芮城,小时数据,2024-11-29 23,2024-11-29 23:00:39,000,962.5,1023.9,0.5,3.9,62,30000,0.0,-,333,1.5,327,1.5,-1.1,-4.8,-,-,30000
57053/芮城,小时数据,2024-11-29 22,2024-11-29 22:00:38,000,962.6,1024.1,0.3,3.9,63,30000,0.0,-,342,1.5,334,1.3,-0.6,-4.9,-,-,30000
57053/芮城,小时数据,2024-11-29 21,2024-11-29 21:00:38,000,962.6,1024.3,1.0,4.0,61,28539,0.0,-,230,0.8,295,1.2,0.3,-4.2,-,-,30000
57053/芮城,小时数据,2024-11-29 20,2024-11-29 20:00:45,000,962.3,1024.2,3.1,3.7,49,21454,0.0,-,31,1.1,50,1.6,1.4,-3.1,-,-,23300
57053/芮城,小时数据,2024-11-29 19,2024-11-29 19:00:44,000,961.9,1023.9,4.5,3.9,46,24354,0.0,-,8,0.9,26,1.6,2.8,-3.4,-,-,22700
57053/芮城,小时数据,2024-11-29 18,2024-11-29 18:00:39,000,961.4,1022.5,9.8,2.8,23,30000,0.0,-,316,1.1,304,1.6,5.1,0.0,-,-,30000
57053/芮城,小时数据,2024-11-29 17,2024-11-29 17:00:46,000,961.3,1021.9,12.2,2.7,19,30000,0.0,-,253,4.3,255,4.7,9.0,10.7,-,-,30000
57053/芮城,小时数据,2024-11-29 16,2024-11-29 16:00:38,000,961.2,1021.5,13.5,2.6,17,30000,0.0,-,263,5.0,256,6.2,13.7,17.4,-,-,30000
57053/芮城,小时数据,2024-11-29 15,2024-11-29 15:00:45,000,961.7,1021.9,13.8,2.5,16,30000,0.0,-,248,6.0,252,5.5,17.7,20.2,-,-,30000
57053/芮城,小时数据,2024-11-29 14,2024-11-29 14:00:39,000,962.4,1022.7,13.5,2.6,17,30000,0.0,-,252,6.7,250,7.2,19.5,21.1,-,-,30000
57053/芮城,小时数据,2024-11-29 13,2024-11-29 13:00:45,000,963.5,1023.9,12.8,2.2,15,30000,0.0,-,243,7.2,249,6.9,19.7,20.8,-,-,30000
57053/芮城,小时数据,2024-11-29 12,2024-11-29 12:00:40,000,964.7,1025.3,12.1,3.0,21,30000,0.0,-,269,6.0,258,6.4,17.9,21.3,-,-,30000
57053/芮城,小时数据,2024-11-29 11,2024-11-29 11:00:38,000,965.9,1026.7,11.1,3.2,24,30000,0.0,-,241,5.9,245,6.2,13.8,19.3,-,-,30000
57053/芮城,小时数据,2024-11-29 10,2024-11-29 10:00:38,000,966.2,1027.1,10.2,2.6,21,30000,0.0,-,258,6.1,254,6.3,9.6,16.9,-,-,30000
57053/芮城,小时数据,2024-11-29 09,2024-11-29 09:00:44,000,966.3,1027.4,8.1,2.8,26,30000,0.0,-,248,3.7,250,3.7,2.5,13.9,-,-,26200
57053/芮城,小时数据,2024-11-29 08,2024-11-29 08:00:45,000,966.0,1027.5,3.9,2.7,34,28468,0.0,-,270,2.3,273,1.9,-1.2,0.0,-,-,30000
57053/芮城,小时数据,2024-11-29 07,2024-11-29 07:00:38,000,965.8,1027.7,1.4,2.8,42,30000,0.0,-,69,0.5,5,1.1,-1.6,-6.8,-,-,30000
57053/芮城,小时数据,2024-11-29 06,2024-11-29 06:00:43,000,965.5,1027.0,4.2,2.8,34,30000,0.0,-,277,1.7,264,2.7,-1.5,-0.7,-,-,30000
57053/芮城,小时数据,2024-11-29 05,2024-11-29 05:00:44,000,965.5,1026.7,6.0,2.5,27,30000,0.0,-,254,4.9,252,4.9,-0.3,3.5,-,-,28600
57053/芮城,小时数据,2024-11-29 04,2024-11-29 04:00:43,000,965.8,1026.8,7.0,2.6,26,30000,0.0,-,261,4.1,260,4.5,0.3,4.2,-,-,30000
57053/芮城,小时数据,2024-11-29 03,2024-11-29 03:00:38,000,965.7,1026.5,8.0,2.5,23,30000,0.0,-,261,4.0,257,4.5,0.5,5.0,-,-,30000
57053/芮城,小时数据,2024-11-29 02,2024-11-29 02:00:41,000,965.6,1026.4,8.1,2.5,23,30000,0.0,-,264,4.6,264,4.4,0.7,5.4,-,-,30000
57053/芮城,小时数据,2024-11-29 01,2024-11-29 01:00:46,000,965.9,1026.7,8.5,2.6,23,30000,0.0,-,261,4.8,259,4.7,0.7,5.8,-,-,30000
57053/芮城,小时数据,2024-11-29 00,2024-11-29 00:01:04,000,966.5,1027.5,8.1,2.7,25,30000,0.0,-,273,2.9,275,3.4,0.2,4.4,-,-,30000
57053/芮城,小时数据,2024-11-28 23,2024-11-28 23:00:43,000,966.9,1028.1,7.6,2.7,26,30000,0.0,-,270,2.2,271,3.0,0.4,3.3,-,-,30000
57053/芮城,小时数据,2024-11-28 22,2024-11-28 22:00:46,000,967.1,1028.3,8.3,2.6,24,29356,0.0,-,271,3.4,267,3.9,1.2,4.4,-,-,30000
57053/芮城,小时数据,2024-11-28 21,2024-11-28 21:00:41,000,967.2,1028.5,8.5,2.7,24,30000,0.0,-,259,4.5,256,4.8,2.1,5.8,-,-,30000
57053/芮城,小时数据,2024-11-28 20,2024-11-28 20:00:44,000,967.3,1028.7,9.0,2.6,23,30000,0.0,-,263,4.8,263,5.1,2.6,6.3,-,-,30000
57053/芮城,小时数据,2024-11-28 19,2024-11-28 19:00:38,000,967.4,1029.0,7.9,2.6,24,30000,0.0,-,266,3.5,274,2.8,2.1,3.4,-,-,30000
57053/芮城,小时数据,2024-11-28 18,2024-11-28 18:45:11,000,967.3,1028.9,8.2,2.7,25,30000,0.0,-,265,3.6,268,3.6,3.8,4.8,-,-,30000
57053/芮城,小时数据,2024-11-28 17,2024-11-28 17:00:46,000,967.3,1028.7,9.4,2.7,23,30000,0.0,-,256,6.3,259,6.0,6.5,8.1,-,-,30000
57053/芮城,小时数据,2024-11-28 16,2024-11-28 16:00:44,000,967.3,1028.5,10.2,2.7,22,28864,0.0,-,260,6.9,256,7.4,10.3,12.9,-,-,30000
57053/芮城,小时数据,2024-11-28 15,2024-11-28 15:00:38,000,967.6,1028.8,10.6,2.9,23,30000,0.0,-,259,6.6,260,6.4,14.2,16.6,-,-,30000
57053/芮城,小时数据,2024-11-28 14,2024-11-28 14:00:41,000,968.0,1029.1,10.4,2.8,22,30000,0.0,-,255,7.1,261,6.4,16.4,17.8,-,-,30000
57053/芮城,小时数据,2024-11-28 13,2024-11-28 13:00:41,000,968.8,1029.9,10.5,3.0,24,30000,0.0,-,268,5.6,267,5.5,17.1,19.0,-,-,30000
57053/芮城,小时数据,2024-11-28 12,2024-11-28 12:00:39,000,970.1,1031.3,9.5,2.7,23,30000,0.0,-,286,4.9,274,5.2,15.1,19.0,-,-,30000
57053/芮城,小时数据,2024-11-28 11,2024-11-28 11:00:45,000,971.2,1032.5,8.5,2.6,23,30000,0.0,-,294,5.1,271,4.7,11.2,17.2,-,-,30000
57053/芮城,小时数据,2024-11-28 10,2024-11-28 10:00:44,000,971.4,1032.8,7.7,2.2,21,30000,0.0,-,296,3.8,280,4.7,6.5,15.1,-,-,30000
57053/芮城,小时数据,2024-11-28 09,2024-11-28 09:00:38,000,971.2,1032.7,6.7,2.4,24,30000,0.0,-,279,3.4,281,4.5,0.8,12.9,-,-,30000
57053/芮城,小时数据,2024-11-28 08,2024-11-28 08:00:38,000,970.6,1032.4,5.0,2.2,25,30000,0.0,-,275,4.3,282,3.6,-1.2,2.9,-,-,30000
57053/芮城,小时数据,2024-11-28 07,2024-11-28 07:00:38,000,969.8,1031.6,4.5,2.1,25,30000,0.0,-,286,3.2,281,3.8,-1.6,1.0,-,-,30000
57053/芮城,小时数据,2024-11-28 06,2024-11-28 06:00:44,000,969.2,1031.0,4.2,2.1,25,30000,0.0,-,291,3.4,288,2.7,-1.5,0.0,-,-,30000
57053/芮城,小时数据,2024-11-28 05,2024-11-28 05:00:44,000,968.7,1030.3,4.9,2.1,24,30000,0.0,-,296,3.1,293,2.9,-1.1,1.3,-,-,29900
57053/芮城,小时数据,2024-11-28 04,2024-11-28 04:00:39,000,968.3,1029.7,5.5,2.1,23,28041,0.0,-,277,4.2,283,3.9,-0.8,2.1,-,-,28200
57053/芮城,小时数据,2024-11-28 03,2024-11-28 03:00:38,000,968.3,1029.7,5.7,2.3,25,30000,0.0,-,316,2.0,306,2.7,-0.5,0.9,-,-,25000
57053/芮城,小时数据,2024-11-28 02,2024-11-28 02:00:44,000,967.8,1029.0,7.1,2.2,22,28740,0.0,-,265,3.6,266,4.5,-0.5,4.4,-,-,28400
57053/芮城,小时数据,2024-11-28 01,2024-11-28 01:00:45,000,967.5,1028.7,7.6,2.2,21,26650,0.0,-,279,3.0,281,3.5,-0.5,4.0,-,-,29800
57053/芮城,小时数据,2024-11-28 00,2024-11-28 00:01:04,000,967.0,1028.2,8.0,2.3,21,30000,0.0,-,284,3.8,282,3.6,0.0,4.7,-,-,30000
57053/芮城,小时数据,2024-11-27 23,2024-11-27 23:00:44,000,966.4,1027.6,8.5,2.4,22,30000,0.0,-,258,6.5,258,5.1,0.8,5.9,-,-,30000
57053/芮城,小时数据,2024-11-27 22,2024-11-27 22:00:41,000,965.8,1027.0,8.6,2.6,23,30000,0.0,-,252,5.9,253,5.3,0.9,5.9,-,-,30000
57053/芮城,小时数据,2024-11-27 21,2024-11-27 21:00:46,000,965.4,1026.7,8.5,2.4,22,30000,0.0,-,259,4.7,255,5.0,0.6,5.7,-,-,30000
57053/芮城,小时数据,2024-11-27 20,2024-11-27 20:00:44,000,964.9,1026.5,7.3,2.7,26,30000,0.0,-,268,3.2,271,2.9,0.4,3.8,-,-,30000
57053/芮城,小时数据,2024-11-27 19,2024-11-27 19:00:38,000,964.8,1026.4,7.2,2.7,27,30000,0.0,-,279,2.6,278,3.4,1.1,4.2,-,-,30000
57053/芮城,小时数据,2024-11-27 18,2024-11-27 18:00:43,000,964.4,1026.0,7.3,3.0,29,30000,0.0,-,293,2.7,292,3.4,2.1,4.4,-,-,30000
57053/芮城,小时数据,2024-11-27 17,2024-11-27 17:00:38,000,964.3,1025.7,8.8,2.7,24,30000,0.0,-,262,5.5,267,5.9,4.6,7.6,-,-,30000
57053/芮城,小时数据,2024-11-27 16,2024-11-27 16:00:40,000,964.7,1025.9,9.7,2.9,24,30000,0.0,-,256,5.5,255,7.2,8.2,13.4,-,-,30000
57053/芮城,小时数据,2024-11-27 15,2024-11-27 15:00:44,000,965.5,1026.8,9.5,2.5,21,30000,0.0,-,252,10.0,251,9.8,10.5,13.9,-,-,30000
57053/芮城,小时数据,2024-11-27 14,2024-11-27 14:00:43,000,966.0,1027.3,9.1,2.9,25,30000,0.0,-,253,10.1,253,9.5,11.8,14.5,-,-,30000
57053/芮城,小时数据,2024-11-27 13,2024-11-27 13:00:38,000,967.4,1028.9,8.4,2.8,25,30000,0.0,-,246,11.1,251,10.8,11.5,14.1,-,-,30000
57053/芮城,小时数据,2024-11-27 12,2024-11-27 12:00:38,000,968.6,1030.2,7.6,2.7,26,30000,0.0,-,258,11.7,256,10.9,9.8,13.1,-,-,30000
57053/芮城,小时数据,2024-11-27 11,2024-11-27 11:00:37,000,969.9,1031.6,6.9,2.7,27,28977,0.0,-,266,8.0,262,7.8,7.6,14.3,-,-,26700
57053/芮城,小时数据,2024-11-27 10,2024-11-27 10:00:44,000,970.6,1032.3,6.2,2.5,26,27087,0.0,-,257,7.0,262,7.6,2.9,11.9,-,-,27000
57053/芮城,小时数据,2024-11-27 09,2024-11-27 09:00:47,000,971.0,1032.8,5.2,2.3,26,30000,0.0,-,262,5.8,264,6.5,0.1,9.5,-,-,27600
57053/芮城,小时数据,2024-11-27 08,2024-11-27 08:00:44,000,970.9,1032.9,3.8,2.2,28,30000,0.0,-,262,4.7,265,4.1,-1.2,2.4,-,-,27000
57053/芮城,小时数据,2024-11-27 07,2024-11-27 07:00:39,000,970.4,1032.3,4.2,2.1,25,30000,0.0,-,266,4.1,275,4.9,-1.4,1.9,-,-,28100
57053/芮城,小时数据,2024-11-27 06,2024-11-27 06:00:38,000,969.8,1031.8,3.5,2.2,28,26194,0.0,-,256,4.8,256,4.5,-1.3,1.2,-,-,22700
57053/芮城,小时数据,2024-11-27 05,2024-11-27 05:00:46,000,969.5,1031.4,3.9,2.1,26,19210,0.0,-,256,5.3,262,4.3,-1.1,1.5,-,-,17900
57053/芮城,小时数据,2024-11-27 04,2024-11-27 04:00:41,000,969.3,1031.0,4.7,2.0,23,16429,0.0,-,263,5.5,270,5.4,-0.9,2.5,-,-,16700
57053/芮城,小时数据,2024-11-27 03,2024-11-27 03:00:41,000,968.7,1030.3,5.0,2.0,23,15221,0.0,-,270,5.9,275,5.3,-0.7,2.9,-,-,15800
57053/芮城,小时数据,2024-11-27 02,2024-11-27 02:00:39,000,968.6,1030.2,5.4,2.0,22,18864,0.0,-,280,4.4,282,4.0,-0.5,2.8,-,-,20000
57053/芮城,小时数据,2024-11-27 01,2024-11-27 01:00:47,000,968.1,1029.8,5.4,2.1,23,18838,0.0,-,280,3.3,282,3.8,-0.4,2.4,-,-,19000
57053/芮城,小时数据,2024-11-27 00,2024-11-27 00:01:06,000,968.1,1029.9,5.4,2.2,24,25257,0.0,-,290,3.5,283,2.7,-0.3,1.5,-,-,25900
57053/芮城,小时数据,2024-11-26 23,2024-11-26 23:00:45,000,968.0,1029.9,6.0,2.1,23,30000,0.0,-,279,5.1,288,3.7,-0.1,3.0,-,-,30000
57053/芮城,小时数据,2024-11-26 22,2024-11-26 22:00:49,000,967.1,1029.1,6.9,2.4,24,30000,0.0,-,295,4.4,298,4.6,-0.2,4.9,-,-,30000
57053/芮城,小时数据,2024-11-26 21,2024-11-26 21:00:48,000,966.3,1028.3,7.5,3.0,29,30000,0.0,-,276,4.6,273,5.1,0.2,5.0,-,-,30000
57053/芮城,小时数据,2024-11-26 20,2024-11-26 20:00:50,000,965.3,1027.8,7.3,3.1,30,30000,0.0,-,269,5.3,269,5.5,0.5,5.0,-,-,30000
57053/芮城,小时数据,2024-11-26 19,2024-11-26 19:00:47,000,964.7,1027.3,7.3,3.1,30,30000,0.0,-,270,5.8,273,6.1,0.8,5.1,-,-,30000
57053/芮城,小时数据,2024-11-26 18,2024-11-26 18:00:38,000,964.2,1026.7,6.8,3.2,32,30000,0.0,-,267,5.1,270,5.0,1.3,4.3,-,-,30000
57053/芮城,小时数据,2024-11-26 17,2024-11-26 17:00:46,000,964.1,1026.3,7.3,3.6,35,30000,0.0,-,272,6.3,278,5.1,3.2,6.2,-,-,28300
57053/芮城,小时数据,2024-11-26 16,2024-11-26 16:00:48,000,964.1,1026.2,8.4,2.6,24,30000,0.0,-,277,5.2,267,5.8,6.3,12.5,-,-,30000
57053/芮城,小时数据,2024-11-26 15,2024-11-26 15:00:37,000,964.6,1026.6,8.3,2.7,25,30000,0.0,-,261,7.8,262,7.6,8.6,13.5,-,-,30000
57053/芮城,小时数据,2024-11-26 14,2024-11-26 14:00:48,000,965.4,1027.6,7.5,2.7,26,30000,0.0,-,252,9.3,252,8.1,10.2,14.4,-,-,30000
57053/芮城,小时数据,2024-11-26 13,2024-11-26 13:00:40,000,966.9,1029.0,6.8,2.5,25,30000,0.0,-,251,9.0,249,9.5,10.2,13.5,-,-,30000
57053/芮城,小时数据,2024-11-26 12,2024-11-26 12:00:46,000,968.7,1030.9,5.7,2.7,30,30000,0.0,-,219,2.7,231,3.9,9.0,17.2,-,-,30000
57053/芮城,小时数据,2024-11-26 11,2024-11-26 11:00:49,000,970.1,1032.5,4.6,2.5,30,30000,0.0,-,214,2.9,215,2.8,4.3,15.1,-,-,30000
57053/芮城,小时数据,2024-11-26 10,2024-11-26 10:00:47,000,971.1,1033.7,2.2,2.8,39,30000,0.0,-,220,2.4,211,2.1,0.2,9.9,-,-,30000
57053/芮城,小时数据,2024-11-26 09,2024-11-26 09:00:39,000,971.2,1033.8,1.0,3.1,47,20136,0.0,-,97,0.7,161,0.9,-0.5,8.8,-,-,22000
57053/芮城,小时数据,2024-11-26 08,2024-11-26 08:00:49,000,971.0,1034.0,-3.8,3.1,68,30000,0.0,-,339,1.1,327,1.5,-2.7,-5.7,-,-,27700
57053/芮城,小时数据,2024-11-26 07,2024-11-26 07:00:47,000,970.9,1034.2,-4.6,3.0,70,30000,0.0,-,42,0.9,81,1.1,-3.1,-9.0,-,-,30000
57053/芮城,小时数据,2024-11-26 06,2024-11-26 06:00:40,000,970.5,1033.6,-4.3,3.0,67,30000,0.0,-,359,1.0,210,1.1,-2.7,-9.4,-,-,30000
57053/芮城,小时数据,2024-11-26 05,2024-11-26 05:00:43,000,970.5,1033.2,-1.9,2.7,50,30000,0.0,-,170,1.3,185,1.1,-2.4,-7.7,-,-,30000
57053/芮城,小时数据,2024-11-26 04,2024-11-26 04:00:45,000,970.5,1033.0,-1.7,2.8,52,30000,0.0,-,323,1.4,315,1.4,-2.1,-8.5,-,-,30000
57053/芮城,小时数据,2024-11-26 03,2024-11-26 03:00:49,000,970.8,1033.2,-0.5,2.3,39,30000,0.0,-,306,1.6,246,1.5,-1.7,-7.1,-,-,30000
57053/芮城,小时数据,2024-11-26 02,2024-11-26 02:00:38,000,971.1,1033.7,-1.3,2.9,53,30000,0.0,-,228,0.9,206,1.2,-1.3,-7.2,-,-,30000
57053/芮城,小时数据,2024-11-26 01,2024-11-26 01:00:47,000,971.2,1033.6,1.0,2.6,39,30000,0.0,-,183,1.5,227,1.3,-0.8,-6.1,-,-,30000
57053/芮城,小时数据,2024-11-26 00,2024-11-26 00:01:06,000,971.6,1033.9,2.3,2.3,32,30000,0.0,-,135,1.1,198,0.9,-0.4,-4.9,-,-,30000
57053/芮城,小时数据,2024-11-25 23,2024-11-25 23:00:47,000,971.8,1034.0,2.1,2.4,34,30000,0.0,-,315,1.4,336,1.4,-0.2,-5.5,-,-,30000
57053/芮城,小时数据,2024-11-25 22,2024-11-25 22:00:51,000,971.7,1033.9,3.9,2.2,27,30000,0.0,-,309,1.6,309,1.7,0.0,-1.6,-,-,30000
57053/芮城,小时数据,2024-11-25 21,2024-11-25 21:00:43,000,971.4,1033.5,4.8,2.4,28,30000,0.0,-,321,3.1,310,3.5,-0.1,2.1,-,-,30000
57053/芮城,小时数据,2024-11-25 20,2024-11-25 20:00:48,000,970.9,1033.1,5.8,2.3,25,30000,0.0,-,277,5.4,287,4.4,0.4,3.3,-,-,30000
57053/芮城,小时数据,2024-11-25 19,2024-11-25 19:00:45,000,970.3,1032.5,4.7,3.8,45,30000,0.0,-,287,2.6,294,2.5,1.6,0.8,-,-,30000
57053/芮城,小时数据,2024-11-25 18,2024-11-25 18:00:48,000,969.4,1031.4,5.9,4.1,44,30000,0.0,-,261,1.2,253,1.5,3.8,2.0,-,-,30000
57053/芮城,小时数据,2024-11-25 17,2024-11-25 17:00:48,000,969.5,1031.6,6.3,3.7,39,30000,0.0,-,258,3.2,265,3.5,4.3,4.5,-,-,30000
57053/芮城,小时数据,2024-11-25 16,2024-11-25 16:00:48,000,969.6,1031.5,7.9,3.6,34,30000,0.0,-,273,5.4,272,4.7,8.5,12.5,-,-,30000
57053/芮城,小时数据,2024-11-25 15,2024-11-25 15:00:39,000,969.9,1031.8,7.9,3.8,36,30000,0.0,-,284,3.7,269,4.7,10.7,13.4,-,-,30000
57053/芮城,小时数据,2024-11-25 14,2024-11-25 14:00:41,000,970.6,1032.5,7.6,4.0,38,30000,0.0,-,280,6.9,277,4.7,13.1,14.9,-,-,26600
57053/芮城,小时数据,2024-11-25 13,2024-11-25 13:00:43,000,971.2,1033.1,6.9,4.6,46,30000,0.0,-,267,5.5,256,7.5,10.0,10.3,-,-,30000
57053/芮城,小时数据,2024-11-25 12,2024-11-25 12:00:45,000,972.0,1033.9,6.4,4.7,49,30000,0.0,-,265,5.5,273,4.9,9.7,10.1,-,-,30000
57053/芮城,小时数据,2024-11-25 11,2024-11-25 11:00:47,000,972.2,1034.0,7.3,5.4,53,27098,0.0,-,245,6.8,264,5.3,12.2,15.9,-,-,30000
57053/芮城,小时数据,2024-11-25 10,2024-11-25 10:00:45,000,972.1,1034.0,5.8,6.5,70,27147,0.0,-,254,6.3,248,6.1,9.2,12.8,-,-,26600
57053/芮城,小时数据,2024-11-25 09,2024-11-25 09:00:40,000,971.6,1033.5,5.7,4.6,50,30000,0.0,-,284,2.3,275,2.4,5.7,9.7,-,-,30000
57053/芮城,小时数据,2024-11-25 08,2024-11-25 08:00:39,000,971.2,1033.2,3.8,5.8,72,29141,0.0,-,270,2.9,272,2.8,2.4,3.1,-,-,27300
57053/芮城,小时数据,2024-11-25 07,2024-11-25 07:00:40,000,970.4,1032.4,3.8,6.4,80,27283,0.0,-,258,5.1,260,4.8,2.2,1.9,-,-,27900
57053/芮城,小时数据,2024-11-25 06,2024-11-25 06:00:47,000,970.3,1032.2,3.9,6.6,82,30000,0.0,-,256,4.7,253,4.5,3.1,2.5,-,-,30000
57053/芮城,小时数据,2024-11-25 05,2024-11-25 05:00:39,000,970.2,1032.2,3.4,6.9,89,30000,0.0,-,252,5.8,251,5.7,3.4,2.5,-,-,30000
57053/芮城,小时数据,2024-11-25 04,2024-11-25 04:00:43,000,970.6,1032.6,3.2,7.5,98,18898,0.2,-,251,5.4,248,6.0,3.7,2.7,-,-,19900
57053/芮城,小时数据,2024-11-25 03,2024-11-25 03:00:46,000,970.9,1032.8,3.1,7.6,99,11159,0.5,-,255,5.8,251,6.4,3.9,2.7,-,-,11400
57053/芮城,小时数据,2024-11-25 02,2024-11-25 02:00:45,000,970.4,1032.2,3.8,7.9,99,7644,0.4,-,231,3.4,240,4.7,4.7,3.4,-,-,7200
57053/芮城,小时数据,2024-11-25 01,2024-11-25 01:00:47,000,970.1,1031.7,4.8,8.2,95,9145,0.0,-,276,2.1,259,3.4,5.1,4.1,-,-,10800
57053/芮城,小时数据,2024-11-25 00,2024-11-25 00:01:02,000,969.9,1031.4,5.8,7.4,80,30000,0.0,-,279,1.7,272,3.0,5.3,4.4,-,-,14900
57053/芮城,小时数据,2024-11-24 23,2024-11-24 23:00:37,000,968.9,1030.3,6.2,6.3,67,30000,0.0,-,288,2.6,263,2.8,5.6,4.3,-,-,30000
57053/芮城,小时数据,2024-11-24 22,2024-11-24 22:00:37,000,968.7,1030.1,6.5,9.5,98,5368,0.0,-,325,2.5,292,2.0,6.7,5.9,-,-,4900
57053/芮城,小时数据,2024-11-24 21,2024-11-24 21:00:37,000,968.1,1029.5,6.6,9.7,100,2584,1.7,-,266,2.2,251,2.2,7.0,6.1,-,-,1900
57053/芮城,小时数据,2024-11-24 20,2024-11-24 20:00:48,000,967.3,1028.6,7.0,10.0,100,916,0.5,-,249,2.7,242,2.7,7.5,6.6,-,-,900
57053/芮城,小时数据,2024-11-24 19,2024-11-24 19:00:46,000,966.2,1027.5,7.3,10.2,100,1515,0.1,-,266,1.5,256,1.5,7.9,7.0,-,-,800
57053/芮城,小时数据,2024-11-24 18,2024-11-24 19:01:42,CCA,965.4,1026.6,7.6,10.4,100,936,0.0,-,119,1.3,115,1.3,8.0,7.2,0,-,900
57053/芮城,小时数据,2024-11-24 17,2024-11-24 17:00:38,000,965.6,1026.8,7.6,10.4,100,1275,0.2,-,272,0.7,306,0.9,8.3,7.2,-,-,1300
57053/芮城,小时数据,2024-11-24 16,2024-11-24 16:00:45,000,965.5,1026.7,7.8,10.5,99,1129,0.1,-,12,0.8,343,0.9,8.7,7.5,-,-,1100
57053/芮城,小时数据,2024-11-24 15,2024-11-24 15:00:46,000,965.3,1026.4,8.4,9.4,85,2826,0.0,-,193,1.2,185,1.2,9.3,7.9,-,-,2900
57053/芮城,小时数据,2024-11-24 14,2024-11-24 14:49:46,CCA,965.2,1026.3,8.9,8.7,76,4272,0.0,-,92,1.0,102,0.9,10.3,10.1,0,-,4200
57053/芮城,小时数据,2024-11-24 13,2024-11-24 13:00:47,000,964.7,1025.7,9.1,8.8,76,4209,0.0,-,73,2.7,79,2.3,11.6,12.0,-,-,4100
57053/芮城,小时数据,2024-11-24 12,2024-11-24 12:00:43,000,965.5,1026.6,9.0,8.9,78,4153,0.0,-,98,2.5,95,2.9,11.0,11.5,-,-,3900
57053/芮城,小时数据,2024-11-24 11,2024-11-24 14:48:29,CCA,966.9,1028.1,9.0,9.2,80,3718,0.0,-,76,2.2,68,2.3,9.9,11.3,0,-,3700
57053/芮城,小时数据,2024-11-24 10,2024-11-24 10:00:48,000,967.0,1028.2,8.6,8.8,79,3941,0.0,-,61,2.0,55,2.6,8.5,9.5,-,-,3800
57053/芮城,小时数据,2024-11-24 09,2024-11-24 09:00:48,000,966.1,1027.3,8.3,9.0,82,3424,0.0,-,54,3.7,56,3.5,8.2,9.8,-,-,3300
57053/芮城,小时数据,2024-11-24 08,2024-11-24 08:00:38,000,966.1,1027.4,7.7,8.9,85,3111,0.0,-,48,3.5,48,3.3,6.3,7.5,-,-,3000
57053/芮城,小时数据,2024-11-24 07,2024-11-24 07:00:43,000,965.8,1027.0,7.6,8.8,84,3026,0.0,-,50,3.1,51,3.3,5.8,6.7,-,-,3000
57053/芮城,小时数据,2024-11-24 06,2024-11-24 06:00:39,000,965.6,1026.8,7.5,8.7,84,2863,0.0,-,46,2.9,45,3.3,5.8,6.8,-,-,2800
57053/芮城,小时数据,2024-11-24 05,2024-11-24 05:00:48,000,965.3,1026.3,7.5,8.7,84,2867,0.0,-,43,3.4,44,3.4,5.8,6.7,-,-,2800
57053/芮城,小时数据,2024-11-24 04,2024-11-24 04:00:45,000,965.6,1026.6,7.5,8.5,82,2916,0.0,-,47,3.8,47,3.5,5.8,6.9,-,-,2900
57053/芮城,小时数据,2024-11-24 03,2024-11-24 03:00:38,000,965.8,1026.8,7.4,8.3,81,2879,0.0,-,42,4.0,43,3.9,5.6,6.8,-,-,2800
57053/芮城,小时数据,2024-11-24 02,2024-11-24 02:00:44,000,965.7,1026.7,7.1,8.3,82,2793,0.0,-,46,4.9,44,4.7,5.0,6.2,-,-,2700
57053/芮城,小时数据,2024-11-24 01,2024-11-24 01:00:47,000,965.9,1027.0,6.9,8.1,81,2746,0.0,-,46,4.9,49,4.6,4.7,5.9,-,-,2700
57053/芮城,小时数据,2024-11-24 00,2024-11-24 00:01:02,000,966.0,1027.2,6.9,7.8,78,2923,0.0,-,46,5.0,45,5.2,4.7,5.9,-,-,2900
57053/芮城,小时数据,2024-11-23 23,2024-11-23 23:00:45,000,966.0,1027.2,7.1,7.6,75,3363,0.0,-,47,4.9,44,4.9,4.9,6.2,-,-,3400
57053/芮城,小时数据,2024-11-23 22,2024-11-23 22:00:38,000,965.4,1026.6,7.0,7.3,73,3930,0.0,-,51,5.8,49,5.3,4.4,5.9,-,-,3900
57053/芮城,小时数据,2024-11-23 21,2024-11-23 21:00:47,000,965.2,1026.5,6.8,7.4,75,3988,0.0,-,52,4.7,50,4.6,4.1,5.3,-,-,3900
57053/芮城,小时数据,2024-11-23 20,2024-11-23 20:00:39,000,965.1,1026.4,7.1,7.7,76,3588,0.0,-,49,4.5,49,4.5,4.5,5.5,-,-,3400
57053/芮城,小时数据,2024-11-23 19,2024-11-23 19:00:45,000,964.7,1026.0,7.4,8.0,78,3126,0.0,-,51,4.1,51,4.3,5.0,5.8,-,-,2900
57053/芮城,小时数据,2024-11-23 18,2024-11-23 18:00:41,000,964.2,1025.4,8.0,8.1,76,3025,0.0,-,55,5.2,55,5.0,5.7,6.6,-,-,3000
57053/芮城,小时数据,2024-11-23 17,2024-11-23 17:00:37,000,963.8,1024.8,8.8,8.1,72,3554,0.0,-,59,5.6,58,5.4,7.4,8.2,-,-,3500
57053/芮城,小时数据,2024-11-23 16,2024-11-23 16:00:45,000,963.9,1024.9,9.5,8.2,69,3703,0.0,-,59,7.0,60,6.5,9.8,10.8,-,-,3500
57053/芮城,小时数据,2024-11-23 15,2024-11-23 15:00:38,000,964.1,1025.1,9.4,8.3,70,3464,0.0,-,57,4.4,63,5.4,10.6,11.2,-,-,3500
57053/芮城,小时数据,2024-11-23 14,2024-11-23 14:00:45,000,964.2,1025.2,9.4,8.1,69,3814,0.0,-,65,6.8,61,6.7,12.1,13.3,-,-,3500
57053/芮城,小时数据,2024-11-23 13,2024-11-23 13:00:45,000,964.7,1025.7,9.4,8.1,69,3848,0.0,-,73,5.1,70,5.9,11.0,12.0,-,-,3900
57053/芮城,小时数据,2024-11-23 12,2024-11-23 12:00:46,000,965.7,1026.8,8.8,8.3,73,3496,0.0,-,63,5.4,57,5.8,10.2,11.9,-,-,3500
57053/芮城,小时数据,2024-11-23 11,2024-11-23 11:00:45,000,966.7,1027.9,8.2,8.2,75,3287,0.0,-,54,6.6,52,6.7,8.6,10.0,-,-,3100
57053/芮城,小时数据,2024-11-23 10,2024-11-23 10:00:39,000,967.0,1028.2,7.9,8.2,77,3017,0.0,-,60,6.4,60,5.6,7.9,9.0,-,-,2900
57053/芮城,小时数据,2024-11-23 09,2024-11-23 09:00:40,000,967.2,1028.5,7.2,8.3,82,2814,0.0,-,56,4.6,54,4.9,6.2,7.8,-,-,2700
57053/芮城,小时数据,2024-11-23 08,2024-11-23 08:00:38,000,966.8,1028.1,6.4,8.3,86,2576,0.0,-,50,6.2,51,5.4,4.6,6.0,-,-,2400
57053/芮城,小时数据,2024-11-23 07,2024-11-23 07:00:46,000,966.3,1027.5,6.3,8.3,87,2434,0.0,-,54,4.1,53,5.5,3.8,5.0,-,-,2400
57053/芮城,小时数据,2024-11-23 06,2024-11-23 06:00:48,000,965.7,1026.7,6.5,8.4,87,2351,0.0,-,54,5.8,52,5.8,4.0,5.4,-,-,2200
57053/芮城,小时数据,2024-11-23 05,2024-11-23 05:00:44,000,965.6,1026.5,6.6,8.5,87,2398,0.0,-,49,5.6,49,5.5,4.0,5.3,-,-,2200
57053/芮城,小时数据,2024-11-23 04,2024-11-23 04:00:38,000,965.6,1026.3,6.5,8.4,87,2390,0.0,-,46,5.2,48,4.9,3.8,5.0,-,-,2300
57053/芮城,小时数据,2024-11-23 03,2024-11-23 03:00:38,000,966.2,1026.9,6.6,8.1,83,2648,0.0,-,52,4.6,50,4.7,3.9,5.1,-,-,2600
57053/芮城,小时数据,2024-11-23 02,2024-11-23 02:00:38,000,966.1,1026.7,6.8,8.0,81,2686,0.0,-,50,5.8,49,5.1,4.1,5.3,-,-,2600
57053/芮城,小时数据,2024-11-23 01,2024-11-23 01:00:48,000,966.1,1026.9,7.1,8.0,79,2818,0.0,-,52,4.7,48,5.0,4.2,5.6,-,-,2800
57053/芮城,小时数据,2024-11-23 00,2024-11-23 00:00:43,000,966.4,1027.2,7.2,7.8,77,3088,0.0,-,53,4.3,46,5.0,4.4,5.7,-,-,3100
57053/芮城,小时数据,2024-11-22 23,2024-11-22 23:00:37,000,966.7,1027.7,7.4,7.7,75,3449,0.0,-,44,4.8,45,4.8,4.4,5.7,-,-,3400
57053/芮城,小时数据,2024-11-22 22,2024-11-22 22:00:38,000,966.7,1028.1,7.7,7.8,74,3424,0.0,-,49,4.4,48,4.7,4.8,6.1,-,-,3300
57053/芮城,小时数据,2024-11-22 21,2024-11-22 21:00:38,000,966.2,1027.8,8.1,8.2,76,3077,0.0,-,51,4.7,52,4.6,5.3,6.5,-,-,3000
57053/芮城,小时数据,2024-11-22 20,2024-11-22 20:00:46,000,965.3,1027.1,8.7,8.0,71,4241,0.0,-,51,4.9,55,5.1,5.7,7.1,-,-,4300
57053/芮城,小时数据,2024-11-22 19,2024-11-22 19:00:47,000,964.7,1026.4,9.1,7.9,68,4929,0.0,-,51,5.3,53,5.9,6.2,7.6,-,-,4900
57053/芮城,小时数据,2024-11-22 18,2024-11-22 18:00:45,000,964.1,1025.8,10.0,8.1,66,5351,0.0,-,56,5.9,55,5.4,7.1,8.5,-,-,5400
57053/芮城,小时数据,2024-11-22 17,2024-11-22 17:00:47,000,963.7,1025.2,11.4,8.2,61,6737,0.0,-,59,5.5,56,5.4,9.0,10.6,-,-,6900
57053/芮城,小时数据,2024-11-22 16,2024-11-22 16:00:39,000,963.7,1025.0,12.8,8.4,57,6622,0.0,-,52,4.3,55,5.0,11.9,15.7,-,-,7100
57053/芮城,小时数据,2024-11-22 15,2024-11-22 15:00:39,000,963.9,1025.1,13.6,7.9,51,8102,0.0,-,68,4.2,65,5.3,14.6,18.6,-,-,6200
57053/芮城,小时数据,2024-11-22 14,2024-11-22 14:00:46,000,964.3,1025.4,13.6,7.8,50,8819,0.0,-,60,4.5,73,5.1,16.2,20.5,-,-,8200
57053/芮城,小时数据,2024-11-22 13,2024-11-22 13:00:45,000,965.1,1026.4,12.0,7.8,56,7026,0.0,-,63,4.5,62,4.8,13.8,17.6,-,-,7400
57053/芮城,小时数据,2024-11-22 12,2024-11-22 12:00:39,000,966.1,1027.5,12.1,8.0,57,7620,0.0,-,70,4.1,69,4.4,14.8,20.7,-,-,7600
57053/芮城,小时数据,2024-11-22 11,2024-11-22 11:00:47,000,967.1,1028.7,10.2,8.1,65,7035,0.0,-,74,4.5,73,4.5,12.0,16.2,-,-,6800
57053/芮城,小时数据,2024-11-22 10,2024-11-22 10:00:38,000,967.7,1029.7,6.6,9.0,92,4908,0.0,-,103,2.3,94,2.0,8.5,12.7,-,-,4400
57053/芮城,小时数据,2024-11-22 09,2024-11-22 09:00:47,000,967.9,1030.1,3.9,8.1,100,4918,0.0,-,110,1.0,106,1.1,2.7,7.6,-,-,4700
57053/芮城,小时数据,2024-11-22 08,2024-11-22 08:00:38,000,967.7,1030.1,0.9,6.5,100,4057,0.0,-,19,0.9,26,1.2,0.4,-0.5,-,-,4200
57053/芮城,小时数据,2024-11-22 07,2024-11-22 07:00:44,000,967.4,1029.5,1.1,6.6,100,5061,0.0,-,355,2.3,352,2.1,0.1,-1.6,-,-,4900
57053/芮城,小时数据,2024-11-22 06,2024-11-22 06:00:40,000,967.1,1029.1,-0.1,6.1,100,5420,0.0,-,342,1.8,346,1.7,0.0,-4.1,-,-,4600
57053/芮城,小时数据,2024-11-22 05,2024-11-22 05:00:38,000,966.8,1028.6,-0.5,5.9,100,4014,0.0,-,341,1.3,352,1.3,0.0,-4.8,-,-,4200
57053/芮城,小时数据,2024-11-22 04,2024-11-22 04:00:38,000,966.6,1028.1,0.6,6.4,100,4716,0.0,-,10,1.1,358,1.0,0.1,-4.2,-,-,6000
57053/芮城,小时数据,2024-11-22 03,2024-11-22 03:00:38,000,966.9,1028.3,0.8,6.5,100,5292,0.0,-,336,2.1,342,2.1,0.2,-3.6,-,-,3000
57053/芮城,小时数据,2024-11-22 02,2024-11-22 02:00:41,000,966.8,1028.2,1.3,6.7,100,5721,0.0,-,92,0.8,74,0.9,0.3,-3.4,-,-,3900
57053/芮城,小时数据,2024-11-22 01,2024-11-22 01:00:45,000,966.8,1028.2,2.1,7.1,100,6152,0.0,-,339,2.4,337,2.3,0.6,-2.4,-,-,5800
57053/芮城,小时数据,2024-11-22 00,2024-11-22 00:01:03,000,966.8,1028.5,1.1,6.5,99,5079,0.0,-,343,1.4,343,1.3,1.0,-3.4,-,-,6200
57053/芮城,小时数据,2024-11-21 23,2024-11-21 23:00:43,000,966.8,1028.6,1.8,6.9,99,8899,0.0,-,59,0.8,47,0.8,1.7,-2.7,-,-,6900
57053/芮城,小时数据,2024-11-21 22,2024-11-21 22:00:47,000,967.0,1028.9,2.6,7.3,99,6097,0.0,-,349,1.7,353,1.3,2.5,-2.1,-,-,5300
57053/芮城,小时数据,2024-11-21 21,2024-11-21 21:00:46,000,966.7,1028.8,3.6,7.7,98,3928,0.0,-,PPC,0.0,359,0.6,3.5,-1.4,-,-,3300
57053/芮城,小时数据,2024-11-21 20,2024-11-21 20:00:47,000,966.5,1028.9,4.9,8.2,95,2257,0.0,-,335,1.1,359,1.1,4.9,-0.3,-,-,2400
57053/芮城,小时数据,2024-11-21 19,2024-11-21 19:00:46,000,966.4,1028.6,6.9,8.9,90,5346,0.0,-,351,1.3,360,1.2,6.5,1.5,-,-,5200
57053/芮城,小时数据,2024-11-21 18,2024-11-21 18:00:40,000,966.0,1027.9,8.6,8.7,78,7575,0.0,-,303,1.1,329,1.0,8.4,3.1,-,-,7900
57053/芮城,小时数据,2024-11-21 17,2024-11-21 17:00:39,000,965.5,1027.2,10.6,8.6,67,10197,0.0,-,232,1.6,227,1.7,11.1,8.1,-,-,10100
57053/芮城,小时数据,2024-11-21 16,2024-11-21 16:00:40,000,965.3,1026.6,12.8,8.6,58,10045,0.0,-,239,1.7,221,2.3,14.9,17.7,-,-,10200
57053/芮城,小时数据,2024-11-21 15,2024-11-21 15:00:41,000,965.5,1026.8,13.0,9.0,60,9202,0.0,-,239,2.9,237,2.8,17.9,21.7,-,-,9100
57053/芮城,小时数据,2024-11-21 14,2024-11-21 14:00:45,000,965.9,1027.2,12.6,8.9,61,9224,0.0,-,252,1.9,246,2.7,19.4,21.9,-,-,8600
57053/芮城,小时数据,2024-11-21 13,2024-11-21 13:00:45,000,966.6,1028.1,11.5,9.6,71,7443,0.0,-,251,2.0,256,2.2,20.0,23.1,-,-,7500
57053/芮城,小时数据,2024-11-21 12,2024-11-21 12:00:44,000,967.6,1029.2,10.4,9.2,73,5598,0.0,-,270,1.9,259,1.9,18.0,22.6,-,-,6300
57053/芮城,小时数据,2024-11-21 11,2024-11-21 11:00:46,000,968.7,1030.5,8.8,9.1,80,5443,0.0,-,92,0.4,77,1.0,14.4,21.6,-,-,5200
57053/芮城,小时数据,2024-11-21 10,2024-11-21 10:00:38,000,969.1,1031.1,6.8,9.3,94,3971,0.0,-,145,1.3,121,1.2,10.5,14.0,-,-,3900
57053/芮城,小时数据,2024-11-21 09,2024-11-21 09:00:47,000,969.2,1031.5,4.0,8.1,100,3385,0.0,-,66,0.6,72,0.5,2.5,9.5,-,-,3400
57053/芮城,小时数据,2024-11-21 08,2024-11-21 08:00:48,000,968.5,1031.0,-0.1,6.1,100,3297,0.0,-,358,1.2,4,1.0,0.2,-1.6,-,-,3600
57053/芮城,小时数据,2024-11-21 07,2024-11-21 07:00:38,000,967.9,1030.2,0.1,6.2,100,5129,0.0,-,342,1.5,341,1.3,0.0,-4.5,-,-,4400
57053/芮城,小时数据,2024-11-21 06,2024-11-21 06:00:42,000,967.6,1029.7,0.1,6.2,100,5294,0.0,-,338,1.0,347,1.2,0.1,-3.9,-,-,5600
57053/芮城,小时数据,2024-11-21 05,2024-11-21 05:00:46,000,967.6,1029.5,-0.1,6.1,100,4041,0.0,-,PPC,0.0,PPC,0.2,0.1,-3.8,-,-,3700
57053/芮城,小时数据,2024-11-21 04,2024-11-21 04:00:38,000,967.7,1029.3,0.8,6.5,100,6264,0.0,-,336,1.6,334,1.4,0.1,-3.0,-,-,4100
57053/芮城,小时数据,2024-11-21 03,2024-11-21 03:00:45,000,968.0,1029.5,1.2,6.7,100,4207,0.0,-,108,0.7,78,0.8,0.3,-3.0,-,-,4800
57053/芮城,小时数据,2024-11-21 02,2024-11-21 02:00:39,000,968.1,1029.5,2.0,7.1,100,5937,0.0,-,336,1.5,341,1.5,0.7,-2.3,-,-,5700
57053/芮城,小时数据,2024-11-21 01,2024-11-21 01:00:43,000,968.4,1030.0,1.4,6.8,100,5476,0.0,-,346,1.1,334,1.0,1.2,-2.6,-,-,4500
57053/芮城,小时数据,2024-11-21 00,2024-11-21 00:01:02,000,968.5,1030.1,2.2,7.1,99,8123,0.0,-,336,1.4,336,1.5,1.9,-1.9,-,-,7800
57053/芮城,小时数据,2024-11-20 23,2024-11-20 23:00:39,000,968.4,1030.1,2.5,7.3,100,5482,0.0,-,343,1.9,349,1.6,2.3,-1.2,-,-,5000
57053/芮城,小时数据,2024-11-20 22,2024-11-20 22:00:40,000,968.0,1029.9,2.8,7.5,100,4610,0.0,-,113,0.4,12,0.7,2.9,-1.2,-,-,4000
57053/芮城,小时数据,2024-11-20 21,2024-11-20 21:00:40,000,967.7,1029.8,3.7,7.9,99,4174,0.0,-,341,1.4,341,1.3,3.7,-0.9,-,-,4400
57053/芮城,小时数据,2024-11-20 20,2024-11-20 20:00:38,000,967.6,1030.0,5.2,8.6,97,5104,0.0,-,347,1.5,346,1.8,4.9,0.7,-,-,4300
57053/芮城,小时数据,2024-11-20 19,2024-11-20 19:00:48,000,967.2,1029.3,6.7,9.0,92,4085,0.0,-,336,1.6,324,1.4,6.1,1.9,-,-,4000
57053/芮城,小时数据,2024-11-20 18,2024-11-20 18:00:43,000,966.7,1028.6,8.3,9.0,82,6234,0.0,-,248,1.6,246,2.1,7.9,4.7,-,-,6300
57053/芮城,小时数据,2024-11-20 17,2024-11-20 17:00:47,000,966.3,1027.9,10.3,8.9,71,8356,0.0,-,229,2.0,223,2.1,10.8,8.6,-,-,8300
57053/芮城,小时数据,2024-11-20 16,2024-11-20 16:00:46,000,966.5,1027.9,11.8,9.0,65,8872,0.0,-,250,1.9,235,2.4,14.2,16.3,-,-,9700
57053/芮城,小时数据,2024-11-20 15,2024-11-20 15:00:40,000,966.5,1027.7,12.4,8.3,58,13445,0.0,-,240,3.4,241,3.9,16.9,20.5,-,-,12600
57053/芮城,小时数据,2024-11-20 14,2024-11-20 14:00:38,000,967.0,1028.1,12.6,8.0,55,17230,0.0,-,234,4.6,236,4.1,18.6,21.9,-,-,17400
57053/芮城,小时数据,2024-11-20 13,2024-11-20 13:00:47,000,967.7,1028.8,11.9,8.1,58,18606,0.0,-,254,4.6,258,5.3,18.6,20.3,-,-,14000
57053/芮城,小时数据,2024-11-20 12,2024-11-20 12:00:45,000,968.7,1029.8,11.3,8.6,64,11881,0.0,-,214,3.5,218,3.2,18.5,23.3,-,-,11300
57053/芮城,小时数据,2024-11-20 11,2024-11-20 11:00:45,000,969.6,1030.9,9.7,8.4,70,9539,0.0,-,105,0.9,124,1.1,15.2,21.5,-,-,7500
57053/芮城,小时数据,2024-11-20 10,2024-11-20 10:00:47,000,969.9,1031.5,7.3,8.7,85,5977,0.0,-,353,0.8,60,0.9,11.0,16.0,-,-,5300
57053/芮城,小时数据,2024-11-20 09,2024-11-20 09:00:48,000,970.1,1032.0,4.8,8.6,100,4137,0.0,-,70,1.3,72,0.8,5.9,10.8,-,-,4400
57053/芮城,小时数据,2024-11-20 08,2024-11-20 08:00:46,000,969.4,1031.7,0.8,6.5,100,2563,0.0,-,346,0.6,6,0.9,0.8,-0.1,-,-,3000
57053/芮城,小时数据,2024-11-20 07,2024-11-20 07:00:42,000,968.9,1031.1,1.0,6.6,100,3182,0.0,-,342,1.7,344,1.6,0.2,-3.4,-,-,2900
57053/芮城,小时数据,2024-11-20 06,2024-11-20 06:00:39,000,968.6,1030.7,1.4,6.8,100,4561,0.0,-,354,0.5,354,1.0,1.1,-2.1,-,-,4800
57053/芮城,小时数据,2024-11-20 05,2024-11-20 05:00:40,000,968.9,1031.0,1.7,6.9,100,4209,0.0,-,8,0.8,19,1.1,1.5,-1.5,-,-,4600
57053/芮城,小时数据,2024-11-20 04,2024-11-20 04:00:45,000,968.8,1030.8,2.2,7.2,100,4788,0.0,-,341,1.3,346,1.6,1.9,-1.5,-,-,3200
57053/芮城,小时数据,2024-11-20 03,2024-11-20 03:00:45,000,969.2,1031.1,2.8,7.5,100,2698,0.0,-,258,0.9,258,0.7,2.9,-0.9,-,-,3000
57053/芮城,小时数据,2024-11-20 02,2024-11-20 02:00:39,000,969.3,1030.9,4.2,8.2,100,3910,0.0,-,352,1.7,353,1.5,4.0,2.1,-,-,3300
57053/芮城,小时数据,2024-11-20 01,2024-11-20 01:00:48,000,969.9,1031.6,5.4,8.6,96,4557,0.0,-,73,0.5,52,0.6,5.1,2.3,-,-,4000
57053/芮城,小时数据,2024-11-20 00,2024-11-20 00:00:59,000,970.1,1031.8,6.2,8.7,92,5830,0.0,-,334,0.9,349,0.9,6.2,5.2,-,-,6500
57053/芮城,小时数据,2024-11-19 23,2024-11-19 23:00:46,000,970.3,1032.0,6.6,8.3,85,7972,0.0,-,9,1.0,357,1.1,6.3,5.9,-,-,6200
57053/芮城,小时数据,2024-11-19 22,2024-11-19 22:00:47,000,970.6,1032.4,6.7,8.1,83,6924,0.0,-,256,2.7,259,3.1,6.1,6.1,-,-,6900
57053/芮城,小时数据,2024-11-19 21,2024-11-19 21:00:39,000,970.4,1032.3,6.4,8.5,88,6457,0.0,-,265,2.4,259,2.6,6.0,5.4,-,-,5900
57053/芮城,小时数据,2024-11-19 20,2024-11-19 20:00:46,000,970.2,1032.1,6.7,8.3,85,7807,0.0,-,256,2.1,252,2.0,6.7,5.9,-,-,7800
57053/芮城,小时数据,2024-11-19 19,2024-11-19 19:00:45,000,969.6,1031.4,6.9,8.2,82,9478,0.0,-,258,1.7,255,1.5,7.2,5.4,-,-,10300
57053/芮城,小时数据,2024-11-19 18,2024-11-19 18:00:40,000,969.5,1031.3,7.5,8.0,77,11640,0.0,-,222,1.6,229,1.5,8.1,6.8,-,-,12000
57053/芮城,小时数据,2024-11-19 17,2024-11-19 17:00:38,000,969.0,1030.7,7.7,8.0,76,11312,0.0,-,309,1.0,276,1.7,8.6,7.5,-,-,10000
57053/芮城,小时数据,2024-11-19 16,2024-11-19 16:01:05,000,969.0,1030.7,7.6,7.9,76,9158,0.0,-,249,3.1,251,2.8,9.2,7.7,-,-,9100
57053/芮城,小时数据,2024-11-19 15,2024-11-19 15:00:39,000,969.1,1030.8,7.9,8.1,76,10694,0.0,-,206,3.8,205,3.2,11.8,9.5,-,-,10800
57053/芮城,小时数据,2024-11-19 14,2024-11-19 14:00:39,000,969.1,1030.7,9.1,7.7,67,12677,0.0,-,170,1.8,184,2.0,16.6,17.5,-,-,12300
57053/芮城,小时数据,2024-11-19 13,2024-11-19 13:00:41,000,970.2,1032.0,8.0,7.7,72,11262,0.0,-,291,1.6,287,1.2,13.9,15.2,-,-,11200
57053/芮城,小时数据,2024-11-19 12,2024-11-19 12:00:41,000,971.0,1032.9,7.3,7.9,77,11120,0.0,-,78,1.3,122,1.1,12.2,12.3,-,-,11100
57053/芮城,小时数据,2024-11-19 11,2024-11-19 11:00:41,000,972.1,1034.2,6.4,7.6,79,12011,0.0,-,123,1.1,119,1.4,9.8,9.9,-,-,11200
57053/芮城,小时数据,2024-11-19 10,2024-11-19 10:00:39,000,972.5,1034.7,6.1,7.8,83,9041,0.0,-,101,2.2,83,1.8,8.4,9.0,-,-,8500
57053/芮城,小时数据,2024-11-19 09,2024-11-19 09:00:38,000,972.3,1034.5,5.6,7.8,86,7466,0.0,-,69,2.5,61,2.4,6.8,7.4,-,-,7200
57053/芮城,小时数据,2024-11-19 08,2024-11-19 08:00:38,000,972.4,1034.7,5.0,7.9,91,6710,0.0,-,65,1.3,70,1.4,5.1,5.4,-,-,6700
57053/芮城,小时数据,2024-11-19 07,2024-11-19 07:00:38,000,971.5,1033.8,4.7,7.8,91,6828,0.0,-,57,2.3,58,2.2,4.6,4.5,-,-,6700
57053/芮城,小时数据,2024-11-19 06,2024-11-19 06:00:37,000,971.3,1033.5,4.7,7.7,90,8162,0.0,-,59,2.3,58,2.7,4.5,4.4,-,-,8000
57053/芮城,小时数据,2024-11-19 05,2024-11-19 05:00:39,000,971.4,1033.6,4.6,7.6,90,7817,0.0,-,62,2.8,56,2.5,4.4,4.3,-,-,7700
57053/芮城,小时数据,2024-11-19 04,2024-11-19 04:00:39,000,971.5,1033.6,4.6,7.7,91,7762,0.0,-,51,3.7,53,3.1,4.4,4.3,-,-,7500
57053/芮城,小时数据,2024-11-19 03,2024-11-19 03:00:42,000,972.0,1034.2,4.6,7.6,90,7681,0.0,-,52,3.6,49,3.6,4.4,4.3,-,-,7600
57053/芮城,小时数据,2024-11-19 02,2024-11-19 02:00:39,000,972.8,1035.0,4.6,7.5,89,8304,0.0,-,51,3.1,51,3.6,4.5,4.4,-,-,8700
57053/芮城,小时数据,2024-11-19 01,2024-11-19 01:00:38,000,973.2,1035.5,4.5,7.6,90,9433,0.0,-,60,3.3,52,3.6,4.4,4.3,-,-,8700
57053/芮城,小时数据,2024-11-19 00,2024-11-19 00:00:40,000,973.3,1035.6,4.3,7.5,90,8618,0.0,-,56,3.9,56,3.9,4.3,3.8,-,-,8500
57053/芮城,小时数据,2024-11-18 23,2024-11-18 23:00:39,000,973.5,1035.8,4.3,7.6,92,9041,0.0,-,53,3.4,53,3.6,4.4,3.8,-,-,9200
57053/芮城,小时数据,2024-11-18 22,2024-11-18 22:00:38,000,973.8,1036.1,4.3,7.6,92,10503,0.0,-,53,4.5,50,3.5,4.5,3.9,-,-,10200
57053/芮城,小时数据,2024-11-18 21,2024-11-18 21:00:38,000,973.7,1035.9,4.4,7.4,88,10778,0.0,-,55,3.5,57,3.7,4.5,3.9,-,-,10900
57053/芮城,小时数据,2024-11-18 20,2024-11-19 07:44:10,CCA,973.4,1035.6,4.4,7.4,88,11497,0.0,-,71,5.5,66,4.8,4.5,3.9,0,-,10400
57053/芮城,小时数据,2024-11-18 19,2024-11-18 19:00:40,000,972.7,1034.8,4.4,7.4,89,10012,0.0,-,72,6.1,65,4.9,4.8,4.0,-,-,9800
57053/芮城,小时数据,2024-11-18 18,2024-11-18 18:00:47,000,972.2,1034.2,4.6,7.5,89,12110,0.0,-,66,5.8,67,4.7,5.1,3.9,-,-,10700
57053/芮城,小时数据,2024-11-18 17,2024-11-18 17:00:38,000,972.0,1034.0,5.1,7.4,84,13181,0.0,-,71,4.2,70,5.0,6.0,4.8,-,-,13300
57053/芮城,小时数据,2024-11-18 16,2024-11-18 16:00:45,000,972.0,1033.9,5.5,7.3,81,13216,0.0,-,75,5.6,75,5.6,7.2,5.7,-,-,13000
57053/芮城,小时数据,2024-11-18 15,2024-11-18 15:00:38,000,972.1,1034.0,5.5,7.3,81,13354,0.0,-,70,5.9,72,5.8,8.3,6.5,-,-,14200
57053/芮城,小时数据,2024-11-18 14,2024-11-18 14:00:45,000,972.5,1034.4,5.6,8.1,89,11491,0.0,-,66,3.9,68,4.6,9.4,7.7,-,-,11700
57053/芮城,小时数据,2024-11-18 13,2024-11-18 13:00:47,000,973.4,1035.4,5.2,8.4,95,8386,0.3,-,67,4.7,69,4.2,8.3,6.2,-,-,7600
57053/芮城,小时数据,2024-11-18 12,2024-11-18 12:00:38,000,974.3,1036.3,5.5,8.1,90,9595,1.0,-,63,4.8,69,4.2,7.6,5.7,-,-,8400
57053/芮城,小时数据,2024-11-18 11,2024-11-18 11:00:48,000,974.8,1036.8,5.6,8.3,91,6590,0.8,-,62,3.4,57,3.5,7.4,6.0,-,-,7000
57053/芮城,小时数据,2024-11-18 10,2024-11-18 10:00:45,000,974.3,1036.2,6.1,7.6,81,13508,0.7,-,68,3.8,69,4.0,6.8,5.4,-,-,11300
57053/芮城,小时数据,2024-11-18 09,2024-11-18 09:00:44,000,973.6,1035.4,6.5,8.3,86,8017,0.7,-,88,2.0,80,2.3,6.8,5.6,-,-,5500
57053/芮城,小时数据,2024-11-18 08,2024-11-18 08:01:21,CCA,972.9,1034.6,6.6,8.3,85,8547,0.0,-,77,2.5,82,2.2,6.5,5.6,0,-,9100
57053/芮城,小时数据,2024-11-18 07,2024-11-18 07:00:38,000,972.3,1033.9,6.9,7.7,77,10900,0.0,-,80,2.0,78,2.2,6.4,5.6,-,-,11200
57053/芮城,小时数据,2024-11-18 06,2024-11-18 06:00:45,000,972.0,1033.6,7.0,7.6,76,14527,0.0,-,42,3.5,41,3.1,6.4,6.3,-,-,13600
57053/芮城,小时数据,2024-11-18 05,2024-11-18 05:00:47,000,971.8,1033.3,6.9,8.0,80,12903,0.0,-,60,1.2,57,1.3,6.7,6.0,-,-,13300
57053/芮城,小时数据,2024-11-18 04,2024-11-18 04:00:37,000,971.9,1033.4,7.0,7.8,78,16816,0.0,-,55,1.8,47,2.0,6.7,6.2,-,-,17100
57053/芮城,小时数据,2024-11-18 03,2024-11-18 03:00:42,000,972.4,1033.8,7.2,8.1,80,16892,0.0,-,33,1.5,32,1.7,7.0,6.3,-,-,14500
57053/芮城,小时数据,2024-11-18 02,2024-11-18 02:00:45,000,972.8,1034.3,7.1,8.3,82,18293,0.0,-,50,1.5,46,1.7,7.2,6.2,-,-,14400
57053/芮城,小时数据,2024-11-18 01,2024-11-18 01:00:46,000,973.0,1034.6,7.2,9.7,96,8671,0.0,-,27,1.4,30,1.3,7.5,6.4,-,-,9000
57053/芮城,小时数据,2024-11-18 00,2024-11-18 00:00:59,000,973.2,1034.8,7.3,9.5,93,14218,0.0,-,80,1.5,96,1.3,7.7,6.5,-,-,12200
57053/芮城,小时数据,2024-11-17 23,2024-11-17 23:00:44,000,973.2,1034.9,7.5,10.2,98,11738,0.0,-,73,1.0,72,0.9,7.9,6.6,-,-,10000
57053/芮城,小时数据,2024-11-17 22,2024-11-17 22:00:43,000,973.2,1035.0,7.8,10.4,98,8202,0.0,-,59,0.7,69,0.9,8.2,6.9,-,-,8000
57053/芮城,小时数据,2024-11-17 21,2024-11-17 21:00:47,000,972.8,1034.7,8.0,10.4,97,7377,0.0,-,32,0.8,PPC,0.2,8.5,7.2,-,-,7100
57053/芮城,小时数据,2024-11-17 20,2024-11-17 20:00:48,000,972.2,1034.2,8.0,10.1,94,12056,0.0,-,263,0.6,247,0.6,8.8,7.3,-,-,10300
57053/芮城,小时数据,2024-11-17 19,2024-11-17 19:00:43,000,971.4,1033.2,8.1,10.4,96,7790,0.0,-,129,0.6,PPC,0.0,9.2,7.6,-,-,7000
57053/芮城,小时数据,2024-11-17 18,2024-11-17 18:00:44,000,970.8,1032.6,8.3,9.7,89,11118,0.0,-,219,0.6,215,0.7,9.5,7.8,-,-,11700
57053/芮城,小时数据,2024-11-17 17,2024-11-17 17:00:45,000,970.6,1032.2,9.0,8.4,73,22337,0.0,-,114,1.3,109,1.3,10.3,8.8,-,-,21100
57053/芮城,小时数据,2024-11-17 16,2024-11-17 16:00:46,000,970.4,1032.0,9.3,8.3,71,21230,0.0,-,110,1.0,90,1.1,11.6,10.3,-,-,21200
57053/芮城,小时数据,2024-11-17 15,2024-11-17 15:00:44,000,970.5,1032.0,9.6,8.6,72,19607,0.0,-,117,1.4,142,1.2,13.4,12.1,-,-,18700
57053/芮城,小时数据,2024-11-17 14,2024-11-17 14:00:38,000,970.6,1032.1,9.5,8.7,73,19532,0.0,-,39,1.7,46,1.7,15.5,15.4,-,-,18100
57053/芮城,小时数据,2024-11-17 13,2024-11-17 13:00:46,000,971.1,1032.7,8.8,8.8,78,17618,0.0,-,119,1.5,154,1.2,14.8,14.5,-,-,15900
57053/芮城,小时数据,2024-11-17 12,2024-11-17 12:00:44,000,971.4,1033.1,8.3,9.2,84,16080,0.0,-,53,2.1,72,1.6,14.7,14.1,-,-,13700
57053/芮城,小时数据,2024-11-17 11,2024-11-17 11:00:44,000,972.4,1034.3,7.5,9.3,90,14486,0.0,-,51,1.1,66,0.9,13.1,14.5,-,-,13000
57053/芮城,小时数据,2024-11-17 10,2024-11-17 10:00:45,000,972.7,1034.8,6.2,9.0,95,11866,0.0,-,39,1.1,65,1.4,9.4,9.1,-,-,10600
57053/芮城,小时数据,2024-11-17 09,2024-11-17 09:00:38,000,972.6,1034.8,5.2,8.8,100,8920,0.0,-,40,1.1,34,1.0,7.1,7.4,-,-,7200
57053/芮城,小时数据,2024-11-17 08,2024-11-17 08:00:47,000,972.0,1034.3,3.8,8.0,100,5314,0.0,-,360,0.9,44,0.7,4.8,4.4,-,-,4600
57053/芮城,小时数据,2024-11-17 07,2024-11-17 07:00:37,000,971.7,1033.9,4.5,8.4,100,8746,0.0,-,33,1.5,22,1.0,4.8,3.0,-,-,6200
57053/芮城,小时数据,2024-11-17 06,2024-11-17 06:00:47,000,971.0,1033.0,4.7,8.5,100,4929,0.0,-,PPC,0.0,57,0.8,5.0,3.7,-,-,5400
57053/芮城,小时数据,2024-11-17 05,2024-11-17 05:00:38,000,970.3,1032.2,5.1,8.8,100,7418,0.0,-,61,1.4,62,1.9,5.6,4.8,-,-,5800
57053/芮城,小时数据,2024-11-17 04,2024-11-17 04:00:40,000,970.5,1032.2,5.1,8.8,100,12675,0.0,-,105,1.2,98,1.3,5.6,4.5,-,-,12200
57053/芮城,小时数据,2024-11-17 03,2024-11-17 03:00:45,000,971.4,1033.1,5.2,8.8,100,18964,0.0,-,250,1.2,248,1.1,5.9,4.7,-,-,16100
57053/芮城,小时数据,2024-11-17 02,2024-11-17 02:00:44,000,971.6,1033.0,5.3,8.3,93,28215,0.0,-,189,2.0,166,1.6,5.9,4.7,-,-,30000
57053/芮城,小时数据,2024-11-17 01,2024-11-17 01:00:45,000,972.3,1033.7,5.7,8.0,87,30000,0.0,-,282,2.7,286,2.1,5.9,4.7,-,-,30000
57053/芮城,小时数据,2024-11-17 00,2024-11-17 00:00:59,000,972.4,1033.9,5.2,8.2,93,30000,0.0,-,297,2.0,290,2.0,5.9,4.5,-,-,29200
57053/芮城,小时数据,2024-11-16 23,2024-11-16 23:00:43,000,972.7,1034.2,5.2,8.7,98,27520,0.0,-,268,2.8,257,3.5,5.9,4.6,-,-,20600
57053/芮城,小时数据,2024-11-16 22,2024-11-16 22:00:43,000,973.3,1034.9,5.2,8.8,99,23839,0.5,-,249,3.9,249,4.3,5.9,4.7,-,-,17400
57053/芮城,小时数据,2024-11-16 21,2024-11-16 21:00:45,000,972.7,1034.3,4.9,8.7,100,15003,0.9,-,229,4.3,236,4.7,6.0,4.6,-,-,15600
57053/芮城,小时数据,2024-11-16 20,2024-11-16 20:00:46,000,972.3,1033.9,5.4,8.9,99,12979,0.9,-,255,6.3,251,5.5,6.3,5.1,-,-,11600
57053/芮城,小时数据,2024-11-16 19,2024-11-16 19:00:39,000,970.7,1032.2,5.5,8.9,99,12738,0.8,-,226,4.5,237,3.5,6.7,5.2,-,-,13600
57053/芮城,小时数据,2024-11-16 18,2024-11-16 18:00:46,000,970.0,1031.3,6.0,8.9,95,16057,0.6,-,239,3.5,240,3.5,7.1,5.5,-,-,17300
57053/芮城,小时数据,2024-11-16 17,2024-11-16 17:00:39,000,969.2,1030.4,6.5,9.0,93,16663,0.3,-,218,4.2,227,5.5,7.5,5.9,-,-,14300
57053/芮城,小时数据,2024-11-16 16,2024-11-16 16:00:44,000,969.0,1030.0,8.2,7.0,64,30000,0.1,-,220,2.4,228,2.3,8.6,6.3,-,-,30000
57053/芮城,小时数据,2024-11-16 15,2024-11-16 15:00:39,000,968.7,1029.5,8.9,6.5,57,27828,0.0,-,53,3.1,27,3.4,8.6,6.6,-,-,21900
57053/芮城,小时数据,2024-11-16 14,2024-11-16 14:00:39,000,967.7,1028.1,11.2,4.3,32,30000,0.0,-,256,2.5,283,2.7,9.2,10.1,-,-,29200
57053/芮城,小时数据,2024-11-16 13,2024-11-16 13:00:45,000,967.8,1028.2,11.1,8.6,65,22683,0.0,-,293,2.2,278,1.8,11.3,11.2,-,-,19100
57053/芮城,小时数据,2024-11-16 12,2024-11-16 12:00:45,000,967.9,1028.2,11.2,8.8,66,19093,0.0,-,289,1.5,267,2.0,11.6,11.9,-,-,19600
57053/芮城,小时数据,2024-11-16 11,2024-11-16 11:00:44,000,968.4,1028.7,11.4,9.0,67,21382,0.0,-,258,5.2,261,4.2,12.0,12.5,-,-,18300
57053/芮城,小时数据,2024-11-16 10,2024-11-16 10:00:43,000,968.3,1028.7,10.6,9.7,76,18015,0.0,-,252,4.3,255,4.7,11.0,12.1,-,-,16100
57053/芮城,小时数据,2024-11-16 09,2024-11-16 09:00:43,000,967.7,1028.1,10.3,9.9,79,16385,0.0,-,254,5.2,254,5.7,9.5,10.0,-,-,15800
57053/芮城,小时数据,2024-11-16 08,2024-11-16 08:00:45,000,966.7,1027.1,9.6,11.1,93,12080,0.0,-,256,6.5,255,5.9,9.5,9.1,-,-,11600
57053/芮城,小时数据,2024-11-16 07,2024-11-16 07:00:45,000,966.0,1026.3,9.6,10.8,90,13173,0.0,-,253,5.8,253,6.9,9.5,8.9,-,-,13900
57053/芮城,小时数据,2024-11-16 06,2024-11-16 06:00:40,000,965.4,1025.6,10.3,10.9,87,14867,0.0,-,258,4.5,253,5.2,10.1,9.4,-,-,15900
57053/芮城,小时数据,2024-11-16 05,2024-11-16 05:00:42,000,964.9,1025.0,10.7,11.7,91,9862,0.0,-,240,6.4,248,5.9,10.5,9.9,-,-,8500
57053/芮城,小时数据,2024-11-16 04,2024-11-16 04:00:38,000,964.5,1024.5,10.3,12.5,100,5246,0.0,-,248,7.6,250,7.4,10.9,10.0,-,-,3100
57053/芮城,小时数据,2024-11-16 03,2024-11-16 03:00:39,000,963.5,1023.3,11.1,13.2,100,4125,0.0,-,250,6.6,248,5.9,11.7,10.8,-,-,4300
57053/芮城,小时数据,2024-11-16 02,2024-11-16 02:00:43,000,963.4,1023.0,12.4,14.4,100,5278,0.0,-,256,2.9,255,2.7,12.6,11.9,-,-,4400
57053/芮城,小时数据,2024-11-16 01,2024-11-16 01:00:45,000,962.8,1022.3,12.8,14.8,100,2920,0.0,-,234,2.5,248,2.6,12.8,12.4,-,-,2800
57053/芮城,小时数据,2024-11-16 00,2024-11-16 00:00:58,000,962.2,1021.6,13.4,14.1,92,5603,0.1,-,231,3.5,241,2.6,12.8,12.2,-,-,8200
57053/芮城,小时数据,2024-11-15 23,2024-11-15 23:00:44,000,962.0,1021.4,13.8,14.3,91,9738,0.0,-,269,3.8,301,3.5,13.1,12.5,-,-,3700
57053/芮城,小时数据,2024-11-15 22,2024-11-15 22:00:39,000,961.2,1020.6,13.5,15.5,100,8853,0.0,-,348,3.7,292,2.5,13.7,12.9,-,-,2300
57053/芮城,小时数据,2024-11-15 21,2024-11-15 21:00:45,000,960.2,1019.6,13.6,15.6,100,2449,0.5,-,246,2.0,252,2.2,14.0,13.4,-,-,2200
57053/芮城,小时数据,2024-11-15 20,2024-11-15 20:00:38,000,959.9,1019.3,13.7,15.7,100,2059,0.2,-,253,1.8,252,1.6,14.2,13.5,-,-,1900
57053/芮城,小时数据,2024-11-15 19,2024-11-15 19:00:45,000,959.0,1018.4,13.8,15.8,100,977,1.9,-,175,1.4,169,1.2,14.4,13.7,-,-,800
57053/芮城,小时数据,2024-11-15 18,2024-11-15 18:00:40,000,958.0,1017.3,14.0,16.0,100,862,0.6,-,112,1.4,118,1.6,14.6,13.9,-,-,800
57053/芮城,小时数据,2024-11-15 17,2024-11-15 17:00:44,000,957.3,1016.5,14.3,16.3,100,1265,0.1,-,154,1.2,160,1.5,15.0,14.1,-,-,1300
57053/芮城,小时数据,2024-11-15 16,2024-11-15 16:00:48,000,956.8,1015.9,15.2,16.6,96,4921,0.0,-,189,1.5,176,1.6,15.7,15.2,-,-,5100
57053/芮城,小时数据,2024-11-15 15,2024-11-15 15:00:45,000,956.4,1015.4,15.7,16.6,93,5984,0.0,-,196,1.8,186,1.8,16.5,16.6,-,-,6300
57053/芮城,小时数据,2024-11-15 14,2024-11-15 14:00:43,000,956.6,1015.5,16.4,16.0,86,8896,0.0,-,107,2.1,96,2.0,17.1,17.5,-,-,8300
57053/芮城,小时数据,2024-11-15 13,2024-11-15 13:00:43,000,956.7,1015.6,16.5,15.9,85,8784,0.0,-,74,2.5,76,2.7,17.8,18.4,-,-,8600
57053/芮城,小时数据,2024-11-15 12,2024-11-15 12:00:40,000,957.6,1016.7,16.7,16.2,85,9006,0.0,-,79,2.9,73,3.4,19.5,21.0,-,-,8100
57053/芮城,小时数据,2024-11-15 11,2024-11-15 11:00:43,000,958.4,1017.6,16.0,15.8,87,8037,0.0,-,51,3.7,53,4.0,17.6,18.8,-,-,7500
57053/芮城,小时数据,2024-11-15 10,2024-11-15 10:00:39,000,958.8,1018.0,15.4,16.1,92,5655,0.0,-,54,3.3,53,3.8,15.8,17.0,-,-,5000
57053/芮城,小时数据,2024-11-15 09,2024-11-15 09:00:44,000,958.6,1017.8,15.1,16.3,95,4295,0.0,-,56,3.8,52,3.5,15.0,16.4,-,-,3900
57053/芮城,小时数据,2024-11-15 08,2024-11-15 08:00:44,000,958.0,1017.2,14.7,16.2,97,3785,0.0,-,50,3.1,50,3.5,13.5,14.4,-,-,3700
57053/芮城,小时数据,2024-11-15 07,2024-11-15 07:00:38,000,957.0,1016.2,14.3,15.8,97,3443,0.0,-,49,3.8,52,3.8,12.6,13.3,-,-,3400
57053/芮城,小时数据,2024-11-15 06,2024-11-15 06:00:42,000,956.8,1016.0,14.6,16.1,97,3350,0.0,-,52,4.5,51,4.6,13.1,13.9,-,-,3000
57053/芮城,小时数据,2024-11-15 05,2024-11-15 05:00:39,000,956.9,1015.9,14.5,16.2,98,2920,0.0,-,47,3.1,50,3.0,13.0,13.6,-,-,2800
57053/芮城,小时数据,2024-11-15 04,2024-11-15 04:00:45,000,957.0,1016.0,14.5,15.8,96,3188,0.0,-,54,3.2,54,3.6,12.9,13.6,-,-,3200
57053/芮城,小时数据,2024-11-15 03,2024-11-15 03:00:44,000,957.1,1016.1,14.5,15.7,95,3866,0.0,-,45,3.6,46,3.4,12.7,13.2,-,-,4000
57053/芮城,小时数据,2024-11-15 02,2024-11-15 02:00:41,000,957.5,1016.5,14.6,15.8,95,6022,0.0,-,49,3.3,54,2.8,13.1,13.3,-,-,5800
57053/芮城,小时数据,2024-11-15 01,2024-11-15 01:00:44,000,958.1,1017.2,14.6,16.1,97,6150,0.0,-,49,2.4,52,2.4,12.7,13.1,-,-,6200
57053/芮城,小时数据,2024-11-15 00,2024-11-15 00:00:59,000,958.2,1017.4,13.4,15.4,100,13206,0.0,-,28,1.9,28,2.3,11.9,12.0,-,-,7500
57053/芮城,小时数据,2024-11-14 23,2024-11-14 23:00:38,000,958.5,1017.8,13.5,15.5,100,4537,0.0,-,24,1.3,32,1.2,12.4,11.7,-,-,3800
57053/芮城,小时数据,2024-11-14 22,2024-11-14 22:00:44,000,958.3,1017.7,13.7,15.7,100,4628,0.0,-,97,1.6,96,1.5,12.2,10.4,-,-,4100
57053/芮城,小时数据,2024-11-14 21,2024-11-14 21:00:46,000,957.7,1017.0,14.3,16.3,100,5108,0.0,-,16,1.6,27,1.6,13.2,12.2,-,-,4800
57053/芮城,小时数据,2024-11-14 20,2024-11-14 20:00:45,000,958.2,1017.6,14.3,16.3,100,3931,0.0,-,18,0.6,18,0.6,14.2,13.3,-,-,3600
57053/芮城,小时数据,2024-11-14 19,2024-11-14 19:00:43,000,957.6,1017.0,14.2,16.2,100,3428,0.0,-,347,1.1,352,1.4,14.2,13.5,-,-,3700
57053/芮城,小时数据,2024-11-14 18,2024-11-14 18:00:44,000,957.1,1016.5,13.7,15.7,100,1858,0.0,-,232,1.0,235,1.2,13.7,9.7,-,-,1900
57053/芮城,小时数据,2024-11-14 17,2024-11-14 17:00:44,000,956.8,1016.0,15.8,17.2,96,6775,0.0,-,142,1.2,113,1.1,16.9,17.0,-,-,7100
57053/芮城,小时数据,2024-11-14 16,2024-11-14 16:00:45,000,956.8,1015.9,16.1,16.3,89,9836,0.0,-,181,1.6,162,1.5,17.5,17.0,-,-,9200
57053/芮城,小时数据,2024-11-14 15,2024-11-14 15:00:39,000,956.9,1016.0,16.3,15.7,85,8942,0.0,-,41,1.5,61,1.4,19.1,19.4,-,-,8500
57053/芮城,小时数据,2024-11-14 14,2024-11-14 14:00:44,000,957.3,1016.5,15.9,15.9,88,10831,0.0,-,78,1.1,88,1.1,18.9,18.6,-,-,8300
57053/芮城,小时数据,2024-11-14 13,2024-11-14 13:00:43,000,957.9,1017.1,15.9,16.2,90,7679,0.0,-,69,1.2,60,0.9,20.3,20.5,-,-,7400
57053/芮城,小时数据,2024-11-14 12,2024-11-14 12:00:43,000,958.5,1017.8,15.5,16.0,91,6674,0.0,-,160,1.6,148,1.4,19.7,18.9,-,-,6500
57053/芮城,小时数据,2024-11-14 11,2024-11-14 11:00:44,000,958.8,1018.2,14.9,16.3,96,5877,0.0,-,113,0.9,134,1.1,19.5,18.4,-,-,5200
57053/芮城,小时数据,2024-11-14 10,2024-11-14 10:00:38,000,958.9,1018.4,13.7,15.7,100,4508,0.0,-,47,0.6,67,1.2,16.2,15.4,-,-,3700
57053/芮城,小时数据,2024-11-14 09,2024-11-14 09:00:44,000,958.5,1018.0,13.2,15.2,100,2832,0.0,-,108,2.1,98,1.7,14.8,14.5,-,-,2000
57053/芮城,小时数据,2024-11-14 08,2024-11-14 08:00:45,000,957.8,1017.3,12.8,14.8,100,2346,0.0,-,91,0.8,90,0.9,13.1,13.0,-,-,1800
57053/芮城,小时数据,2024-11-14 07,2024-11-14 07:00:38,000,957.5,1017.0,12.8,14.8,100,1244,0.0,-,154,1.2,162,1.2,12.9,12.6,-,-,1300
57053/芮城,小时数据,2024-11-14 06,2024-11-14 06:00:43,000,957.4,1016.9,12.8,14.8,100,2984,0.0,-,PPC,0.0,PPC,0.0,12.9,12.5,-,-,1600
57053/芮城,小时数据,2024-11-14 05,2024-11-14 05:00:42,000,957.3,1016.7,12.9,14.9,100,2004,0.0,-,PPC,0.2,PPC,0.2,13.0,12.7,-,-,1500
57053/芮城,小时数据,2024-11-14 04,2024-11-14 04:00:47,000,957.6,1016.9,12.9,14.9,100,1659,0.2,-,263,0.5,297,0.4,13.0,12.6,-,-,1600
57053/芮城,小时数据,2024-11-14 03,2024-11-14 03:00:38,000,958.0,1017.3,12.9,14.9,100,1733,0.4,-,181,0.7,185,1.0,13.0,12.5,-,-,1100
57053/芮城,小时数据,2024-11-14 02,2024-11-14 02:00:46,000,958.2,1017.5,12.9,14.9,100,4147,0.0,-,230,1.0,232,1.0,13.1,12.6,-,-,2500
57053/芮城,小时数据,2024-11-14 01,2024-11-14 01:00:45,000,958.4,1017.7,13.1,15.1,100,6153,0.0,-,159,1.2,163,1.1,13.1,12.6,-,-,6100
57053/芮城,小时数据,2024-11-14 00,2024-11-14 00:01:00,000,958.4,1017.7,13.2,15.2,100,9332,0.0,-,66,1.4,67,1.2,13.1,12.7,-,-,8200
57053/芮城,小时数据,2024-11-13 23,2024-11-13 23:00:45,000,958.5,1017.9,13.1,15.1,100,7376,0.0,-,45,1.6,49,1.6,13.1,12.6,-,-,7600
57053/芮城,小时数据,2024-11-13 22,2024-11-13 22:00:44,000,958.5,1018.0,13.0,15.0,100,6327,0.5,-,41,2.2,54,2.2,13.1,12.6,-,-,4300
57053/芮城,小时数据,2024-11-13 21,2024-11-13 21:00:40,000,958.1,1017.6,12.9,14.9,100,2873,1.4,-,61,2.6,61,2.5,13.1,12.6,-,-,2700
57053/芮城,小时数据,2024-11-13 20,2024-11-13 20:00:48,000,957.9,1017.4,13.0,15.0,100,2565,1.2,-,49,2.3,53,2.6,13.3,12.7,-,-,2300
57053/芮城,小时数据,2024-11-13 19,2024-11-13 19:00:44,000,957.6,1017.1,13.0,15.0,100,2198,3.0,-,46,2.4,48,2.2,13.4,12.7,-,-,1800
57053/芮城,小时数据,2024-11-13 18,2024-11-13 18:00:48,000,957.0,1016.4,13.3,15.3,100,2135,0.9,-,60,2.5,52,3.2,13.7,12.9,-,-,2300
57053/芮城,小时数据,2024-11-13 17,2024-11-13 17:00:46,000,956.5,1015.8,13.7,15.5,99,2882,0.1,-,55,2.7,52,3.1,14.2,13.0,-,-,2800
57053/芮城,小时数据,2024-11-13 16,2024-11-13 16:00:46,000,956.2,1015.4,14.6,14.8,89,4511,0.0,-,46,2.6,50,2.9,15.9,14.8,-,-,4300
57053/芮城,小时数据,2024-11-13 15,2024-11-13 15:00:46,000,955.8,1015.0,15.0,14.7,86,4269,0.0,-,50,5.2,49,4.0,18.0,16.9,-,-,4300
57053/芮城,小时数据,2024-11-13 14,2024-11-13 14:00:45,000,956.3,1015.4,15.8,14.7,82,4781,0.0,-,53,5.2,60,4.7,20.7,20.0,-,-,4800
57053/芮城,小时数据,2024-11-13 13,2024-11-13 13:00:46,000,957.0,1016.2,15.7,14.8,83,4993,0.0,-,58,4.8,64,4.3,20.1,19.8,-,-,5000
57053/芮城,小时数据,2024-11-13 12,2024-11-13 12:00:41,000,957.4,1016.6,15.4,14.7,84,4714,0.0,-,44,6.0,51,5.4,19.3,19.5,-,-,4600
57053/芮城,小时数据,2024-11-13 11,2024-11-13 11:00:45,000,958.2,1017.6,14.6,14.9,90,4163,0.0,-,53,5.0,58,4.9,16.8,17.6,-,-,3800
57053/芮城,小时数据,2024-11-13 10,2024-11-13 10:00:44,000,958.7,1018.2,14.0,15.0,94,3477,0.0,-,47,5.5,47,5.1,15.5,16.3,-,-,3300
57053/芮城,小时数据,2024-11-13 09,2024-11-13 09:00:47,000,958.7,1018.2,13.4,15.1,98,3002,0.0,-,50,4.4,51,4.3,13.9,14.6,-,-,2800
57053/芮城,小时数据,2024-11-13 08,2024-11-13 08:00:47,000,958.1,1017.6,13.1,14.9,99,3363,0.0,-,51,4.8,49,4.6,12.4,12.9,-,-,3200
57053/芮城,小时数据,2024-11-13 07,2024-11-13 07:00:41,000,957.7,1017.2,13.0,14.7,98,3545,0.0,-,48,4.3,47,4.6,12.0,12.4,-,-,3500
57053/芮城,小时数据,2024-11-13 06,2024-11-13 06:00:46,000,957.8,1017.3,13.2,14.6,96,4114,0.0,-,47,4.1,49,3.8,12.1,12.5,-,-,4100
57053/芮城,小时数据,2024-11-13 05,2024-11-13 05:00:40,000,957.6,1017.0,13.2,14.6,96,4163,0.0,-,42,3.9,44,3.6,12.0,12.3,-,-,4000
57053/芮城,小时数据,2024-11-13 04,2024-11-13 04:00:45,000,957.5,1016.8,13.2,14.6,96,4490,0.0,-,42,5.0,48,4.3,12.1,12.3,-,-,4300
57053/芮城,小时数据,2024-11-13 03,2024-11-13 03:00:46,000,957.9,1017.2,13.2,14.6,96,4371,0.0,-,44,3.6,45,3.9,12.1,12.1,-,-,4300
57053/芮城,小时数据,2024-11-13 02,2024-11-13 02:00:39,000,958.5,1017.8,13.3,14.5,95,5085,0.0,-,53,4.2,52,4.1,12.3,12.3,-,-,5100
57053/芮城,小时数据,2024-11-13 01,2024-11-13 01:00:45,000,958.8,1018.1,13.1,14.6,97,4164,0.1,-,46,3.2,46,3.5,12.3,12.1,-,-,3600
57053/芮城,小时数据,2024-11-13 00,2024-11-13 00:00:59,000,958.9,1018.2,13.0,14.8,99,2334,0.0,-,45,4.4,46,4.1,12.3,12.2,-,-,2300
57053/芮城,小时数据,2024-11-12 23,2024-11-12 23:00:42,000,959.4,1018.8,13.0,14.8,99,2142,0.0,-,44,4.5,46,4.2,12.4,12.1,-,-,2100
57053/芮城,小时数据,2024-11-12 22,2024-11-12 22:00:39,000,959.4,1018.8,13.1,14.3,95,2234,0.0,-,51,3.2,52,3.6,12.5,12.7,-,-,2000
57053/芮城,小时数据,2024-11-12 21,2024-11-12 21:00:45,000,959.3,1018.9,13.1,14.5,96,1903,0.0,-,60,5.3,55,4.8,12.6,12.7,-,-,1800
57053/芮城,小时数据,2024-11-12 20,2024-11-12 20:06:08,CCA,959.3,1019.0,13.0,14.7,98,1577,0.0,-,59,3.8,57,4.4,12.7,12.3,0,-,1500
57053/芮城,小时数据,2024-11-12 19,2024-11-12 19:00:38,000,958.7,1018.4,13.3,14.2,93,1623,0.0,-,60,4.2,59,4.2,12.9,12.9,-,-,1500
57053/芮城,小时数据,2024-11-12 18,2024-11-12 18:00:45,000,958.2,1017.8,13.4,13.7,89,1644,0.0,-,51,4.4,55,4.9,13.3,13.2,-,-,1600
57053/芮城,小时数据,2024-11-12 17,2024-11-12 17:00:39,000,957.8,1017.3,14.0,13.4,84,2007,0.0,-,62,4.2,63,4.6,14.0,13.9,-,-,2000
57053/芮城,小时数据,2024-11-12 16,2024-11-12 16:00:45,000,957.4,1016.9,14.7,13.4,80,2663,0.0,-,67,5.8,65,5.3,15.3,15.4,-,-,2600
57053/芮城,小时数据,2024-11-12 15,2024-11-12 15:00:39,000,957.6,1017.0,15.1,13.4,78,2748,0.0,-,65,4.2,63,5.2,16.4,16.4,-,-,2800
57053/芮城,小时数据,2024-11-12 14,2024-11-12 17:02:36,CCA,958.0,1017.4,15.4,13.6,78,3273,0.0,-,70,3.7,63,4.8,16.9,16.9,0,-,3200
57053/芮城,小时数据,2024-11-12 13,2024-11-12 13:00:45,000,958.8,1018.2,15.8,13.8,77,2931,0.0,-,57,4.2,67,5.2,18.0,18.9,-,-,2700
57053/芮城,小时数据,2024-11-12 12,2024-11-12 12:00:46,000,959.7,1019.2,15.5,13.7,78,3217,0.0,-,67,4.8,71,5.0,16.6,17.5,-,-,3200
57053/芮城,小时数据,2024-11-12 11,2024-11-12 11:00:44,000,960.7,1020.3,15.2,13.8,80,2371,0.0,-,68,3.3,71,3.4,16.3,17.3,-,-,2300
57053/芮城,小时数据,2024-11-12 10,2024-11-12 10:00:44,000,961.2,1020.8,14.7,13.9,83,2243,0.0,-,68,2.9,65,2.9,16.6,18.3,-,-,1800
57053/芮城,小时数据,2024-11-12 09,2024-11-12 09:00:45,000,961.1,1020.9,12.7,14.7,100,1515,0.0,-,73,1.9,67,1.5,13.0,13.7,-,-,1200
57053/芮城,小时数据,2024-11-12 08,2024-11-12 09:54:30,CCA,961.0,1020.8,11.9,13.9,100,1010,0.0,-,100,0.7,PPC,0.2,11.7,11.6,0,-,1000
57053/芮城,小时数据,2024-11-12 07,2024-11-12 07:00:43,000,960.8,1020.6,11.8,13.8,100,1070,0.0,-,51,1.3,39,1.2,11.4,11.1,-,-,1000
57053/芮城,小时数据,2024-11-12 06,2024-11-12 06:00:45,000,960.6,1020.4,11.7,13.7,100,1174,0.0,-,114,1.1,103,1.3,11.4,11.0,-,-,1100
57053/芮城,小时数据,2024-11-12 05,2024-11-12 05:00:38,000,960.7,1020.5,11.7,13.7,100,1121,0.0,-,340,1.5,348,1.2,11.3,10.8,-,-,1000
57053/芮城,小时数据,2024-11-12 04,2024-11-12 04:00:46,000,961.0,1020.8,11.6,13.7,100,1105,0.0,-,PPC,0.0,PPC,0.0,11.3,10.8,-,-,1000
57053/芮城,小时数据,2024-11-12 03,2024-11-12 03:00:44,000,961.6,1021.4,11.6,13.7,100,1197,0.0,-,355,1.3,350,1.4,11.1,10.8,-,-,900
57053/芮城,小时数据,2024-11-12 02,2024-11-12 02:00:39,000,961.9,1021.7,11.6,13.7,100,995,0.0,-,354,0.9,344,1.1,11.1,10.2,-,-,900
57053/芮城,小时数据,2024-11-12 01,2024-11-12 01:00:45,000,962.3,1022.1,11.7,13.7,100,1088,0.0,-,339,1.3,333,1.1,11.2,10.1,-,-,900
57053/芮城,小时数据,2024-11-12 00,2024-11-12 00:01:00,000,962.8,1022.6,11.9,13.9,100,1044,0.0,-,19,0.8,16,1.1,11.5,10.6,-,-,900
57053/芮城,小时数据,2024-11-11 23,2024-11-11 23:00:38,000,963.1,1023.0,12.1,14.0,99,1134,0.0,-,8,0.6,PPC,0.2,11.8,10.7,-,-,1100
57053/芮城,小时数据,2024-11-11 22,2024-11-11 22:00:39,000,963.4,1023.3,12.2,14.1,99,1114,0.0,-,203,0.9,200,1.1,12.0,11.0,-,-,1200
57053/芮城,小时数据,2024-11-11 21,2024-11-11 21:00:43,000,963.3,1023.1,12.7,14.1,96,1306,0.0,-,PPC,0.0,PPC,0.2,12.4,11.6,-,-,1200
57053/芮城,小时数据,2024-11-11 20,2024-11-12 09:53:50,CCA,963.0,1022.8,13.0,14.2,95,1577,0.0,-,52,0.8,29,0.6,12.9,12.3,0,-,1500
57053/芮城,小时数据,2024-11-11 19,2024-11-11 19:00:45,000,962.6,1022.4,13.0,13.9,93,1724,0.0,-,1,1.0,2,1.1,13.0,12.4,-,-,1600
57053/芮城,小时数据,2024-11-11 18,2024-11-11 18:00:44,000,962.3,1022.1,13.0,13.6,91,1761,0.0,-,PPC,0.0,96,0.4,13.3,12.6,-,-,1700
57053/芮城,小时数据,2024-11-11 17,2024-11-11 17:00:43,000,962.2,1021.9,13.2,13.3,88,1703,0.0,-,165,0.7,174,0.4,13.7,13.3,-,-,1600
57053/芮城,小时数据,2024-11-11 16,2024-11-11 16:00:39,000,962.1,1021.8,13.4,13.1,85,1858,0.0,-,130,1.0,110,0.7,13.9,13.4,-,-,1900
57053/芮城,小时数据,2024-11-11 15,2024-11-11 15:00:47,000,962.1,1021.8,13.5,12.7,82,2040,0.0,-,55,1.4,67,1.2,14.3,14.1,-,-,2000
57053/芮城,小时数据,2024-11-11 14,2024-11-11 14:00:46,000,962.2,1021.8,13.9,12.7,80,2218,0.0,-,149,1.5,145,1.8,14.9,14.6,-,-,2200
57053/芮城,小时数据,2024-11-11 13,2024-11-11 13:00:40,000,963.1,1022.7,14.2,12.6,78,2492,0.0,-,131,1.0,123,1.7,16.5,15.9,-,-,2400
57053/芮城,小时数据,2024-11-11 12,2024-11-11 12:00:44,000,963.9,1023.5,14.1,12.7,79,2329,0.0,-,92,2.5,88,2.6,16.1,17.0,-,-,2300
57053/芮城,小时数据,2024-11-11 11,2024-11-11 11:00:45,000,964.3,1023.9,13.8,12.5,79,2436,0.0,-,67,3.1,72,3.5,14.8,15.6,-,-,2400
57053/芮城,小时数据,2024-11-11 10,2024-11-11 10:00:43,000,964.3,1023.8,13.7,12.4,79,2569,0.0,-,67,3.2,68,3.1,13.7,14.5,-,-,2500
57053/芮城,小时数据,2024-11-11 09,2024-11-11 09:00:56,000,963.9,1023.3,13.5,12.2,79,2589,0.0,-,60,3.3,58,3.5,12.9,13.8,-,-,2600
57053/芮城,小时数据,2024-11-11 08,2024-11-11 08:00:43,000,963.3,1022.9,13.3,12.2,80,2757,0.0,-,57,4.2,54,3.9,12.2,13.0,-,-,2700
57053/芮城,小时数据,2024-11-11 07,2024-11-11 07:00:45,000,962.7,1022.2,13.3,12.1,79,2871,0.0,-,54,4.8,52,5.0,11.9,12.6,-,-,2800
57053/芮城,小时数据,2024-11-11 06,2024-11-11 06:00:45,000,962.5,1021.9,13.3,12.2,80,2937,0.0,-,47,4.3,53,4.0,12.1,12.6,-,-,2800
57053/芮城,小时数据,2024-11-11 05,2024-11-11 05:00:47,000,962.4,1021.6,13.4,12.0,78,2975,0.0,-,53,4.9,55,5.0,12.2,12.9,-,-,2900
57053/芮城,小时数据,2024-11-11 04,2024-11-11 04:00:45,000,962.4,1021.5,13.6,11.8,76,3035,0.0,-,50,5.1,49,5.2,12.2,12.9,-,-,3000
57053/芮城,小时数据,2024-11-11 03,2024-11-11 03:00:40,000,962.5,1021.5,13.7,11.9,76,3242,0.0,-,44,4.7,49,4.8,12.5,13.0,-,-,3000
57053/芮城,小时数据,2024-11-11 02,2024-11-11 02:00:46,000,962.8,1021.9,14.0,12.5,78,2874,0.0,-,57,4.3,59,4.0,12.8,13.3,-,-,2800
57053/芮城,小时数据,2024-11-11 01,2024-11-11 01:00:46,000,962.6,1021.7,14.3,12.4,76,3098,0.0,-,57,4.4,55,5.6,13.0,13.6,-,-,3100
57053/芮城,小时数据,2024-11-11 00,2024-11-11 00:01:01,000,962.7,1021.9,14.7,12.0,72,3475,0.0,-,58,5.6,58,6.3,13.2,14.0,-,-,3500
57053/芮城,小时数据,2024-11-10 23,2024-11-10 23:00:45,000,962.7,1022.0,15.1,11.7,68,4308,0.0,-,59,5.1,60,5.3,13.5,14.3,-,-,4300
57053/芮城,小时数据,2024-11-10 22,2024-11-10 22:00:38,000,962.4,1021.8,15.9,11.4,63,5649,0.0,-,62,4.5,61,4.7,13.9,15.0,-,-,5500
57053/芮城,小时数据,2024-11-10 21,2024-11-10 21:00:47,000,961.8,1021.4,16.8,11.5,60,6084,0.0,-,64,5.1,62,4.4,14.3,15.6,-,-,6100
57053/芮城,小时数据,2024-11-10 20,2024-11-10 20:00:44,000,961.4,1021.5,15.0,13.8,81,3971,0.0,-,48,1.3,39,1.1,14.6,12.9,-,-,3500
57053/芮城,小时数据,2024-11-10 19,2024-11-10 19:00:41,000,960.9,1021.0,15.7,13.5,76,3986,0.0,-,1,1.4,359,1.6,15.2,14.0,-,-,3900
57053/芮城,小时数据,2024-11-10 18,2024-11-10 18:01:11,000,960.4,1020.4,16.3,13.3,72,4816,0.0,-,355,1.1,347,1.0,16.2,13.3,-,-,4400
57053/芮城,小时数据,2024-11-10 17,2024-11-10 17:00:45,000,960.2,1019.9,18.1,12.2,59,5834,0.0,-,174,1.3,166,1.4,18.6,17.5,-,-,5600
57053/芮城,小时数据,2024-11-10 16,2024-11-10 16:00:46,000,960.1,1019.7,19.0,12.1,55,5891,0.0,-,197,1.1,188,1.3,21.7,21.6,-,-,5700
57053/芮城,小时数据,2024-11-10 15,2024-11-10 15:00:40,000,960.2,1019.6,19.8,11.8,51,5757,0.0,-,168,1.0,151,1.3,24.7,24.8,-,-,5700
57053/芮城,小时数据,2024-11-10 14,2024-11-10 14:00:46,000,960.8,1020.2,19.0,12.1,55,5308,0.0,-,109,1.5,158,1.7,27.2,29.0,-,-,5200
57053/芮城,小时数据,2024-11-10 13,2024-11-10 13:00:39,000,961.5,1020.9,18.7,12.3,57,4826,0.0,-,129,2.1,176,1.7,27.2,28.6,-,-,4600
57053/芮城,小时数据,2024-11-10 12,2024-11-10 12:00:45,000,962.6,1022.2,17.4,12.1,61,4823,0.0,-,136,1.5,149,1.8,24.5,28.2,-,-,4700
57053/芮城,小时数据,2024-11-10 11,2024-11-10 11:00:45,000,963.5,1023.2,16.0,11.6,64,5902,0.0,-,171,0.7,196,0.8,20.9,26.4,-,-,6000
57053/芮城,小时数据,2024-11-10 10,2024-11-10 10:00:44,000,963.8,1023.7,13.5,11.3,73,6716,0.0,-,3,1.1,15,1.1,17.0,23.0,-,-,5800
57053/芮城,小时数据,2024-11-10 09,2024-11-10 09:00:38,000,963.9,1024.1,10.8,11.9,92,3885,0.0,-,93,1.3,119,1.3,11.8,15.9,-,-,3500
57053/芮城,小时数据,2024-11-10 08,2024-11-10 08:00:44,000,963.4,1023.9,7.5,10.4,100,2997,0.0,-,76,0.8,73,0.8,7.0,7.8,-,-,2800
57053/芮城,小时数据,2024-11-10 07,2024-11-10 07:00:44,000,963.0,1023.5,6.7,9.8,100,3257,0.0,-,56,0.8,21,0.8,5.3,2.7,-,-,3200
57053/芮城,小时数据,2024-11-10 06,2024-11-10 06:00:44,000,962.2,1022.6,7.0,10.0,100,3728,0.0,-,336,1.6,341,1.9,5.7,3.4,-,-,3400
57053/芮城,小时数据,2024-11-10 05,2024-11-10 05:00:37,000,962.6,1022.9,7.2,10.0,99,3676,0.0,-,11,1.0,4,0.8,6.1,3.2,-,-,3100
57053/芮城,小时数据,2024-11-10 04,2024-11-10 04:00:38,000,962.8,1023.0,7.9,10.4,98,2975,0.0,-,358,1.0,349,1.3,6.8,4.3,-,-,3400
57053/芮城,小时数据,2024-11-10 03,2024-11-10 03:00:39,000,963.2,1023.3,9.0,10.9,95,3946,0.0,-,356,1.2,349,1.1,7.7,4.5,-,-,3200
57053/芮城,小时数据,2024-11-10 02,2024-11-10 02:00:50,000,963.4,1023.4,10.1,11.2,91,4946,0.0,-,PPC,0.0,PPC,0.0,9.7,8.1,-,-,4700
57053/芮城,小时数据,2024-11-10 01,2024-11-10 01:00:47,000,963.5,1023.4,10.5,11.4,90,4740,0.0,-,PPC,0.2,82,0.5,10.2,8.8,-,-,4700
57053/芮城,小时数据,2024-11-10 00,2024-11-10 00:01:02,000,963.9,1023.8,10.6,11.2,88,6184,0.0,-,287,0.5,265,0.7,10.6,9.4,-,-,5100
57053/芮城,小时数据,2024-11-09 23,2024-11-09 23:00:44,000,964.2,1024.2,11.2,10.6,80,6926,0.0,-,202,0.4,188,0.3,10.7,9.4,-,-,6200
57053/芮城,小时数据,2024-11-09 22,2024-11-09 22:00:40,000,964.1,1024.1,12.2,9.8,69,8502,0.0,-,97,0.7,92,1.0,10.9,9.6,-,-,8400
57053/芮城,小时数据,2024-11-09 21,2024-11-09 21:00:49,000,963.6,1023.6,12.6,9.9,68,8205,0.0,-,55,1.3,58,1.7,11.5,11.4,-,-,8400
57053/芮城,小时数据,2024-11-09 20,2024-11-09 20:01:31,CCA,963.2,1023.2,12.9,9.8,66,9043,0.0,-,42,2.1,49,2.1,11.9,11.7,0,-,8700
57053/芮城,小时数据,2024-11-09 19,2024-11-09 19:00:38,000,962.6,1022.5,13.2,10.0,66,9334,0.0,-,74,2.5,76,2.4,12.4,12.4,-,-,9800
57053/芮城,小时数据,2024-11-09 18,2024-11-09 18:00:45,000,962.0,1021.8,13.5,10.2,66,10737,0.0,-,66,2.0,63,2.1,13.1,12.6,-,-,10500
57053/芮城,小时数据,2024-11-09 17,2024-11-09 17:00:39,000,961.4,1021.2,14.1,10.1,63,10277,0.0,-,73,1.8,68,2.6,14.4,13.9,-,-,10200
57053/芮城,小时数据,2024-11-09 16,2024-11-09 16:00:45,000,961.2,1020.9,14.9,10.0,59,11273,0.0,-,64,2.9,66,3.4,16.6,16.1,-,-,11100
57053/芮城,小时数据,2024-11-09 15,2024-11-09 15:00:44,000,961.0,1020.6,14.9,9.8,58,10344,0.0,-,50,4.2,60,3.7,17.9,17.8,-,-,10100
57053/芮城,小时数据,2024-11-09 14,2024-11-09 14:00:45,000,961.2,1020.8,14.7,9.7,58,10357,0.0,-,59,5.1,61,5.2,18.5,17.9,-,-,10100
57053/芮城,小时数据,2024-11-09 13,2024-11-09 13:00:38,000,961.9,1021.6,14.9,9.8,58,10305,0.0,-,47,4.3,49,5.0,19.0,18.8,-,-,10600
57053/芮城,小时数据,2024-11-09 12,2024-11-09 12:00:44,000,962.5,1022.1,15.1,9.9,58,11324,0.0,-,62,4.2,60,4.3,20.9,23.3,-,-,10500
57053/芮城,小时数据,2024-11-09 11,2024-11-09 11:00:39,000,962.9,1022.7,14.1,9.8,61,11813,0.0,-,50,6.2,57,5.4,17.3,19.3,-,-,10600
57053/芮城,小时数据,2024-11-09 10,2024-11-09 10:00:45,000,963.0,1022.9,12.8,9.5,64,10277,0.0,-,54,4.6,50,5.4,12.9,14.1,-,-,10100
57053/芮城,小时数据,2024-11-09 09,2024-11-09 09:00:40,000,962.9,1022.8,12.3,9.4,66,10468,0.0,-,50,4.9,49,5.2,11.5,12.8,-,-,9400
57053/芮城,小时数据,2024-11-09 08,2024-11-09 08:00:45,000,962.5,1022.4,12.0,9.4,67,9586,0.0,-,49,5.3,45,5.2,10.6,11.8,-,-,9400
57053/芮城,小时数据,2024-11-09 07,2024-11-09 07:00:44,000,961.9,1021.7,11.8,9.3,67,9335,0.0,-,49,4.5,50,4.8,10.1,11.2,-,-,9200
57053/芮城,小时数据,2024-11-09 06,2024-11-09 06:00:38,000,961.4,1021.0,11.9,9.2,66,9106,0.0,-,45,5.3,47,6.2,9.9,11.1,-,-,9000
57053/芮城,小时数据,2024-11-09 05,2024-11-09 05:00:43,000,960.9,1020.4,11.6,9.1,67,8898,0.0,-,49,5.5,50,5.2,9.3,10.5,-,-,8700
57053/芮城,小时数据,2024-11-09 04,2024-11-09 04:00:45,000,961.0,1020.3,11.8,9.1,66,8920,0.0,-,47,5.1,47,5.1,9.5,10.6,-,-,8900
57053/芮城,小时数据,2024-11-09 03,2024-11-09 03:00:45,000,961.2,1020.4,11.9,9.2,66,9024,0.0,-,44,4.8,49,4.8,9.6,10.6,-,-,8800
57053/芮城,小时数据,2024-11-09 02,2024-11-09 02:00:53,000,961.2,1020.4,12.1,9.2,65,8857,0.0,-,46,7.1,49,6.6,9.8,11.0,-,-,9000
57053/芮城,小时数据,2024-11-09 01,2024-11-09 01:00:45,000,961.2,1020.5,12.2,9.2,65,9056,0.0,-,58,6.3,56,6.0,10.0,11.1,-,-,9200
57053/芮城,小时数据,2024-11-09 00,2024-11-09 00:01:00,000,961.4,1020.8,12.4,9.2,64,9070,0.0,-,57,5.7,57,6.5,10.2,11.4,-,-,8800
57053/芮城,小时数据,2024-11-08 23,2024-11-08 23:00:43,000,961.6,1021.1,12.6,9.2,63,9407,0.0,-,51,6.5,51,6.3,10.4,11.5,-,-,9300
57053/芮城,小时数据,2024-11-08 22,2024-11-08 22:00:45,000,961.4,1021.0,12.7,9.2,63,8904,0.0,-,53,6.1,54,6.0,10.5,11.5,-,-,8400
57053/芮城,小时数据,2024-11-08 21,2024-11-08 21:00:43,000,961.1,1020.8,13.0,9.4,63,7713,0.0,-,63,5.7,62,5.2,10.9,11.7,-,-,7600
57053/芮城,小时数据,2024-11-08 20,2024-11-08 20:00:38,000,960.7,1020.4,13.6,9.5,61,7870,0.0,-,55,4.7,55,5.3,11.6,12.2,-,-,7900
57053/芮城,小时数据,2024-11-08 19,2024-11-08 19:00:44,000,960.3,1020.0,14.2,9.2,57,8874,0.0,-,51,5.7,53,5.5,12.1,12.7,-,-,8500
57053/芮城,小时数据,2024-11-08 18,2024-11-08 18:00:40,000,959.8,1019.4,15.1,9.3,54,9125,0.0,-,55,3.9,53,5.1,13.2,13.4,-,-,9000
57053/芮城,小时数据,2024-11-08 17,2024-11-08 17:00:45,000,959.3,1018.7,16.4,9.3,50,9754,0.0,-,51,5.1,51,4.2,15.8,15.2,-,-,9400
57053/芮城,小时数据,2024-11-08 16,2024-11-08 16:00:45,000,959.1,1018.3,17.8,9.6,47,8937,0.0,-,51,4.8,57,5.2,20.1,20.7,-,-,9600
57053/芮城,小时数据,2024-11-08 15,2024-11-08 15:00:43,000,959.5,1018.6,18.8,10.0,46,9515,0.0,-,77,4.0,68,3.9,23.9,24.7,-,-,9400
57053/芮城,小时数据,2024-11-08 14,2024-11-08 14:00:44,000,960.0,1019.1,18.6,9.9,46,9119,0.0,-,66,4.3,61,4.5,26.0,26.4,-,-,9200
57053/芮城,小时数据,2024-11-08 13,2024-11-08 13:00:43,000,960.9,1020.1,18.2,9.6,46,10105,0.0,-,76,4.8,61,4.5,26.3,26.3,-,-,9300
57053/芮城,小时数据,2024-11-08 12,2024-11-08 12:00:38,000,961.8,1021.2,17.2,9.4,48,9120,0.0,-,63,4.4,61,4.9,24.1,25.4,-,-,8800
57053/芮城,小时数据,2024-11-08 11,2024-11-08 11:00:44,000,962.8,1022.3,16.2,9.0,49,9540,0.0,-,68,5.3,69,4.9,20.4,24.1,-,-,8500
57053/芮城,小时数据,2024-11-08 10,2024-11-08 10:00:45,000,963.4,1023.1,14.9,8.8,52,8087,0.0,-,49,5.7,54,5.2,17.2,21.6,-,-,7700
57053/芮城,小时数据,2024-11-08 09,2024-11-08 09:00:45,000,963.6,1023.4,13.3,8.4,55,7374,0.0,-,54,5.1,50,6.0,12.5,17.2,-,-,7300
57053/芮城,小时数据,2024-11-08 08,2024-11-08 08:00:37,000,963.3,1023.2,11.9,8.2,59,7242,0.0,-,53,5.1,52,5.2,8.9,12.2,-,-,7200
57053/芮城,小时数据,2024-11-08 07,2024-11-08 07:00:45,000,963.0,1022.9,11.2,8.0,60,6375,0.0,-,51,4.2,50,4.9,7.5,9.4,-,-,5900
57053/芮城,小时数据,2024-11-08 06,2024-11-08 06:00:38,000,962.8,1022.6,11.4,7.9,59,7756,0.0,-,45,5.7,47,5.6,7.7,9.8,-,-,7700
57053/芮城,小时数据,2024-11-08 05,2024-11-08 05:00:44,000,962.8,1022.4,11.6,8.1,59,7822,0.0,-,47,4.6,48,4.8,7.8,9.7,-,-,7600
57053/芮城,小时数据,2024-11-08 04,2024-11-08 04:00:43,000,963.0,1022.4,11.9,8.1,58,7412,0.0,-,46,4.3,46,4.9,8.5,10.3,-,-,7200
57053/芮城,小时数据,2024-11-08 03,2024-11-08 03:00:38,000,963.2,1022.5,12.1,8.5,60,6833,0.0,-,49,4.6,50,4.8,9.1,11.0,-,-,6600
57053/芮城,小时数据,2024-11-08 02,2024-11-08 02:00:56,000,963.7,1023.1,12.2,8.5,60,6205,0.0,-,49,5.2,49,5.0,8.6,10.5,-,-,6200
57053/芮城,小时数据,2024-11-08 01,2024-11-08 01:00:39,000,963.7,1023.1,12.3,8.4,59,6358,0.0,-,47,5.2,47,5.0,8.8,10.6,-,-,6300
57053/芮城,小时数据,2024-11-08 00,2024-11-08 00:00:59,000,964.3,1023.8,12.6,8.5,58,6661,0.0,-,48,4.3,49,4.6,8.9,10.6,-,-,6700
57053/芮城,小时数据,2024-11-07 23,2024-11-07 23:00:38,000,964.7,1024.4,12.8,8.4,57,6741,0.0,-,48,4.8,52,4.3,9.2,10.9,-,-,6700
57053/芮城,小时数据,2024-11-07 22,2024-11-07 22:00:43,000,964.8,1024.6,13.0,8.5,57,6371,0.0,-,58,3.5,58,3.9,9.6,10.9,-,-,6400
57053/芮城,小时数据,2024-11-07 21,2024-11-07 21:00:46,000,964.6,1024.6,13.4,8.4,55,6994,0.0,-,53,4.0,54,4.0,10.3,11.5,-,-,7000
57053/芮城,小时数据,2024-11-07 20,2024-11-07 20:00:45,000,964.2,1024.2,14.0,8.5,53,7566,0.0,-,48,4.5,51,4.7,11.0,12.4,-,-,7300
57053/芮城,小时数据,2024-11-07 19,2024-11-07 19:00:44,000,963.8,1023.8,14.4,8.7,53,7735,0.0,-,50,3.9,54,3.4,11.6,12.6,-,-,7800
57053/芮城,小时数据,2024-11-07 18,2024-11-07 18:00:43,000,963.3,1023.2,15.1,8.9,52,8147,0.0,-,51,3.1,47,2.7,12.8,12.5,-,-,8100
57053/芮城,小时数据,2024-11-07 17,2024-11-07 17:00:45,000,963.1,1022.8,16.7,9.1,48,7811,0.0,-,67,2.9,70,3.2,15.7,15.8,-,-,7600
57053/芮城,小时数据,2024-11-07 16,2024-11-07 16:00:44,000,962.8,1022.3,17.9,9.2,45,8699,0.0,-,61,2.8,58,2.9,19.5,20.4,-,-,8500
57053/芮城,小时数据,2024-11-07 15,2024-11-07 15:00:37,000,962.9,1022.3,18.7,9.5,44,8509,0.0,-,81,3.0,79,2.2,23.2,25.4,-,-,8900
57053/芮城,小时数据,2024-11-07 14,2024-11-07 14:00:45,000,963.3,1022.8,18.3,9.5,45,8954,0.0,-,95,2.3,95,2.6,24.6,25.8,-,-,8500
57053/芮城,小时数据,2024-11-07 13,2024-11-07 13:00:45,000,964.2,1023.8,17.9,9.2,45,8287,0.0,-,127,2.9,95,2.3,25.5,28.1,-,-,8300
57053/芮城,小时数据,2024-11-07 12,2024-11-07 12:00:38,000,965.3,1025.0,16.9,9.2,48,7754,0.0,-,68,3.4,73,3.4,22.8,26.9,-,-,7900
57053/芮城,小时数据,2024-11-07 11,2024-11-07 11:00:44,000,966.2,1026.1,15.4,8.6,49,7420,0.0,-,55,4.1,63,3.9,18.7,24.1,-,-,7000
57053/芮城,小时数据,2024-11-07 10,2024-11-07 10:00:44,000,966.7,1026.8,14.1,8.2,51,6734,0.0,-,53,5.2,60,4.3,15.8,21.4,-,-,6300
57053/芮城,小时数据,2024-11-07 09,2024-11-07 09:00:37,000,966.6,1026.8,12.3,7.7,54,6184,0.0,-,56,6.4,56,5.3,10.9,15.2,-,-,6300
57053/芮城,小时数据,2024-11-07 08,2024-11-07 08:00:43,000,966.2,1026.5,11.0,7.6,58,6432,0.0,-,59,5.2,58,4.9,7.5,10.7,-,-,6400
57053/芮城,小时数据,2024-11-07 07,2024-11-07 07:00:38,000,965.7,1026.0,10.7,7.6,59,6939,0.0,-,58,4.8,59,4.4,6.4,8.9,-,-,6600
57053/芮城,小时数据,2024-11-07 06,2024-11-07 06:00:44,000,965.4,1025.6,10.7,7.6,59,6612,0.0,-,55,4.1,53,4.5,6.3,8.6,-,-,6600
57053/芮城,小时数据,2024-11-07 05,2024-11-07 05:00:45,000,965.2,1025.2,10.7,7.6,59,6956,0.0,-,58,3.9,58,4.0,6.4,8.5,-,-,6800
57053/芮城,小时数据,2024-11-07 04,2024-11-07 04:00:48,000,964.9,1024.7,10.9,7.6,58,6954,0.0,-,49,4.5,50,4.5,6.5,8.9,-,-,7100
57053/芮城,小时数据,2024-11-07 03,2024-11-07 03:00:46,000,965.2,1024.9,10.9,7.6,58,7825,0.0,-,51,3.5,49,3.7,6.5,8.6,-,-,7600
57053/芮城,小时数据,2024-11-07 02,2024-11-07 02:00:49,000,965.4,1025.1,11.2,7.3,55,8074,0.0,-,49,4.2,47,4.5,6.7,9.0,-,-,8000
57053/芮城,小时数据,2024-11-07 01,2024-11-07 01:00:47,000,965.7,1025.5,11.3,7.2,54,8670,0.0,-,49,4.3,49,4.4,6.8,9.1,-,-,8500
57053/芮城,小时数据,2024-11-07 00,2024-11-07 00:01:00,000,966.1,1026.0,11.5,7.2,53,8793,0.0,-,46,4.6,47,4.7,7.1,9.3,-,-,8900
57053/芮城,小时数据,2024-11-06 23,2024-11-06 23:00:38,000,966.5,1026.6,11.7,7.0,51,9324,0.0,-,47,5.8,47,4.7,7.3,9.6,-,-,9300
57053/芮城,小时数据,2024-11-06 22,2024-11-06 22:00:48,000,966.5,1026.7,11.8,6.9,50,9591,0.0,-,48,4.4,49,4.5,7.5,9.7,-,-,9700
57053/芮城,小时数据,2024-11-06 21,2024-11-06 21:00:41,000,966.4,1026.7,12.3,7.0,49,9566,0.0,-,48,5.0,45,4.8,8.0,10.3,-,-,10000
57053/芮城,小时数据,2024-11-06 20,2024-11-06 20:00:40,000,966.0,1026.4,12.6,7.0,48,10042,0.0,-,49,4.8,50,5.0,8.6,10.5,-,-,9800
57053/芮城,小时数据,2024-11-06 19,2024-11-06 19:00:38,000,965.6,1026.0,12.9,7.1,48,9996,0.0,-,51,3.7,54,4.1,9.3,10.8,-,-,10200
57053/芮城,小时数据,2024-11-06 18,2024-11-06 18:00:45,000,965.0,1025.3,13.7,7.2,46,11756,0.0,-,56,4.1,59,4.4,10.5,11.8,-,-,11300
57053/芮城,小时数据,2024-11-06 17,2024-11-06 17:00:39,000,964.9,1025.0,15.0,7.3,43,14293,0.0,-,58,3.6,57,3.6,13.1,14.4,-,-,12400
57053/芮城,小时数据,2024-11-06 16,2024-11-06 16:00:45,000,964.8,1024.7,16.6,7.4,39,13377,0.0,-,75,4.0,74,4.4,16.9,20.0,-,-,13500
57053/芮城,小时数据,2024-11-06 15,2024-11-06 15:00:38,000,964.7,1024.5,17.3,7.5,38,14847,0.0,-,81,4.4,78,4.2,20.2,23.2,-,-,14900
57053/芮城,小时数据,2024-11-06 14,2024-11-06 14:00:46,000,965.1,1024.9,17.2,7.5,38,15958,0.0,-,60,3.4,68,3.3,22.2,27.0,-,-,15600
57053/芮城,小时数据,2024-11-06 13,2024-11-06 13:00:50,000,966.1,1026.0,16.6,7.4,39,16739,0.0,-,81,3.8,82,3.7,21.4,25.4,-,-,16400
57053/芮城,小时数据,2024-11-06 12,2024-11-06 12:00:46,000,967.0,1027.1,15.6,7.3,41,17091,0.0,-,96,4.0,75,4.0,19.0,23.9,-,-,16800
57053/芮城,小时数据,2024-11-06 11,2024-11-06 11:00:45,000,967.9,1028.2,13.8,6.3,40,14914,0.0,-,48,5.2,56,4.5,15.7,21.9,-,-,15500
57053/芮城,小时数据,2024-11-06 10,2024-11-06 10:00:40,000,968.4,1029.0,12.6,6.0,41,13735,0.0,-,74,5.7,73,5.7,13.6,18.9,-,-,16500
57053/芮城,小时数据,2024-11-06 09,2024-11-06 09:00:44,000,968.5,1029.5,11.2,5.7,43,15406,0.0,-,58,5.2,61,5.3,9.8,15.6,-,-,17100
57053/芮城,小时数据,2024-11-06 08,2024-11-06 08:00:45,000,968.0,1029.0,9.6,5.6,47,9591,0.0,-,61,4.7,59,4.5,5.9,10.2,-,-,13700
57053/芮城,小时数据,2024-11-06 07,2024-11-06 07:00:45,000,967.5,1028.4,9.0,5.6,49,18003,0.0,-,61,4.6,63,4.1,4.3,7.0,-,-,17600
57053/芮城,小时数据,2024-11-06 06,2024-11-06 06:00:40,000,967.0,1027.7,9.1,5.8,50,16269,0.0,-,64,3.9,63,3.6,4.4,7.0,-,-,15500
57053/芮城,小时数据,2024-11-06 05,2024-11-06 05:00:45,000,966.7,1026.9,9.3,5.7,49,15108,0.0,-,60,3.2,63,3.1,4.6,6.9,-,-,15600
57053/芮城,小时数据,2024-11-06 04,2024-11-06 04:00:41,000,966.6,1026.6,9.9,6.0,49,17373,0.0,-,62,3.5,58,3.9,5.0,7.6,-,-,17200
57053/芮城,小时数据,2024-11-06 03,2024-11-06 03:00:45,000,966.9,1026.9,10.1,5.9,48,17165,0.0,-,56,4.9,58,4.4,5.2,7.9,-,-,17300
57053/芮城,小时数据,2024-11-06 02,2024-11-06 02:01:08,000,967.0,1027.1,10.2,6.3,51,15563,0.0,-,53,3.0,60,3.3,5.4,7.5,-,-,15700
57053/芮城,小时数据,2024-11-06 01,2024-11-06 01:00:47,000,966.9,1027.2,10.4,6.6,52,17476,0.0,-,68,3.2,63,3.2,5.5,7.5,-,-,16200
57053/芮城,小时数据,2024-11-06 00,2024-11-06 00:00:57,000,967.1,1027.6,10.0,6.9,56,17159,0.0,-,66,1.7,66,1.9,5.7,5.1,-,-,17100
57053/芮城,小时数据,2024-11-05 23,2024-11-05 23:00:45,000,967.4,1027.8,11.1,7.1,54,15468,0.0,-,49,3.7,48,3.5,6.3,7.1,-,-,15000
57053/芮城,小时数据,2024-11-05 22,2024-11-05 22:00:39,000,967.2,1028.0,9.1,9.6,83,8618,0.0,-,57,2.9,51,2.6,6.1,5.2,-,-,7600
57053/芮城,小时数据,2024-11-05 21,2024-11-05 21:00:44,000,967.0,1028.2,7.6,9.0,86,6257,0.0,-,10,1.0,10,1.0,6.5,2.2,-,-,6800
57053/芮城,小时数据,2024-11-05 20,2024-11-05 20:00:46,000,966.6,1028.1,9.0,8.6,75,9792,0.0,-,348,1.7,347,1.9,7.5,3.4,-,-,9500
57053/芮城,小时数据,2024-11-05 19,2024-11-05 19:00:38,000,966.3,1027.8,9.9,9.0,74,8970,0.0,-,358,1.4,354,1.8,8.7,4.1,-,-,8200
57053/芮城,小时数据,2024-11-05 18,2024-11-05 18:00:44,000,965.9,1027.0,11.5,9.5,70,9112,0.0,-,61,1.2,72,1.2,10.7,5.1,-,-,5600
57053/芮城,小时数据,2024-11-05 17,2024-11-05 17:00:47,000,966.0,1026.5,15.3,8.7,50,12113,0.0,-,53,1.5,50,1.4,14.6,14.6,-,-,11100
57053/芮城,小时数据,2024-11-05 16,2024-11-05 16:00:46,000,966.2,1026.5,16.6,7.9,42,17463,0.0,-,188,1.0,145,1.2,18.5,23.8,-,-,15500
57053/芮城,小时数据,2024-11-05 15,2024-11-05 15:00:37,000,966.5,1026.8,16.2,7.7,42,19621,0.0,-,95,1.1,110,1.2,21.2,25.9,-,-,18200
57053/芮城,小时数据,2024-11-05 14,2024-11-05 14:00:47,000,966.7,1027.0,15.4,7.3,42,20701,0.0,-,129,1.9,128,1.9,22.3,26.7,-,-,16700
57053/芮城,小时数据,2024-11-05 13,2024-11-05 13:00:46,000,968.0,1028.5,13.9,6.5,41,30000,0.0,-,111,1.7,99,1.8,22.6,26.3,-,-,21900
57053/芮城,小时数据,2024-11-05 12,2024-11-05 12:00:45,000,969.3,1030.0,12.7,6.2,42,21129,0.0,-,57,0.8,78,1.5,20.4,24.8,-,-,21700
57053/芮城,小时数据,2024-11-05 11,2024-11-05 11:00:46,000,970.1,1030.9,11.8,5.8,42,30000,0.0,-,151,1.7,138,1.7,17.2,23.0,-,-,24100
57053/芮城,小时数据,2024-11-05 10,2024-11-05 10:00:45,000,970.6,1031.6,10.2,5.3,43,27885,0.0,-,93,1.9,99,2.0,14.0,19.8,-,-,27900
57053/芮城,小时数据,2024-11-05 09,2024-11-05 09:00:44,000,970.5,1031.5,8.5,5.8,52,21378,0.0,-,83,1.5,88,1.5,9.4,15.5,-,-,20000
57053/芮城,小时数据,2024-11-05 08,2024-11-05 08:00:37,000,969.8,1031.2,3.8,7.1,89,13866,0.0,-,344,0.4,341,0.5,4.2,7.3,-,-,12800
57053/芮城,小时数据,2024-11-05 07,2024-11-05 07:00:45,000,969.3,1030.7,3.3,6.1,79,18667,0.0,-,352,1.9,355,1.4,2.1,0.1,-,-,19000
57053/芮城,小时数据,2024-11-05 06,2024-11-05 06:00:45,000,968.6,1029.7,4.6,5.5,65,26648,0.0,-,24,0.3,100,0.5,2.6,0.0,-,-,26300
57053/芮城,小时数据,2024-11-05 05,2024-11-05 05:00:45,000,968.2,1028.7,6.6,5.2,53,30000,0.0,-,75,2.0,79,2.0,3.2,3.5,-,-,28700
57053/芮城,小时数据,2024-11-05 04,2024-11-05 04:00:43,000,968.1,1028.4,7.1,5.2,52,29596,0.0,-,77,2.6,76,2.4,3.5,4.8,-,-,27600
57053/芮城,小时数据,2024-11-05 03,2024-11-05 03:00:38,000,968.3,1028.6,7.4,5.4,52,26239,0.0,-,64,2.6,69,2.8,3.9,5.3,-,-,26400
57053/芮城,小时数据,2024-11-05 02,2024-11-05 02:00:45,000,968.4,1028.6,8.0,5.4,50,25717,0.0,-,65,3.4,61,3.2,4.3,5.9,-,-,23800
57053/芮城,小时数据,2024-11-05 01,2024-11-05 01:00:47,000,968.6,1028.8,8.5,5.4,49,24336,0.0,-,57,3.5,60,3.8,4.7,6.7,-,-,23400
57053/芮城,小时数据,2024-11-05 00,2024-11-05 00:00:58,000,968.8,1029.0,8.9,5.6,49,25283,0.0,-,59,4.5,61,4.2,5.2,7.3,-,-,21000
57053/芮城,小时数据,2024-11-04 23,2024-11-04 23:00:38,000,968.9,1029.2,9.5,5.9,50,18969,0.0,-,52,5.4,56,5.0,5.8,7.9,-,-,19100
57053/芮城,小时数据,2024-11-04 22,2024-11-04 22:00:42,000,968.8,1029.3,9.9,6.3,52,15457,0.0,-,52,3.6,53,4.2,6.5,7.9,-,-,14600
57053/芮城,小时数据,2024-11-04 21,2024-11-04 21:00:48,000,968.3,1029.0,10.7,6.7,52,13126,0.0,-,56,4.1,60,4.4,7.3,8.8,-,-,12300
57053/芮城,小时数据,2024-11-04 20,2024-11-04 20:00:38,000,967.9,1028.6,11.5,7.3,54,11477,0.0,-,60,3.8,56,3.6,8.3,9.5,-,-,10800
57053/芮城,小时数据,2024-11-04 19,2024-11-04 19:00:37,000,967.4,1027.9,12.3,7.7,54,10307,0.0,-,57,2.9,51,3.0,9.4,9.7,-,-,9900
57053/芮城,小时数据,2024-11-04 18,2024-11-04 18:00:46,000,967.0,1027.4,13.4,8.4,55,9842,0.0,-,41,2.8,43,2.9,11.0,10.6,-,-,9700
57053/芮城,小时数据,2024-11-04 17,2024-11-04 17:00:38,000,966.8,1027.0,16.2,8.7,47,14623,0.0,-,89,2.1,94,2.1,14.4,15.4,-,-,13400
57053/芮城,小时数据,2024-11-04 16,2024-11-04 16:00:46,000,967.0,1027.1,17.5,6.4,32,30000,0.0,-,117,1.3,118,1.9,18.2,24.5,-,-,21400
57053/芮城,小时数据,2024-11-04 15,2024-11-04 15:00:40,000,967.3,1027.5,17.6,7.4,37,23642,0.0,-,67,1.5,73,1.8,20.9,28.7,-,-,24000
57053/芮城,小时数据,2024-11-04 14,2024-11-04 14:00:46,000,968.1,1028.4,17.4,6.4,32,30000,0.0,-,52,1.4,52,2.0,20.6,24.0,-,-,29800
57053/芮城,小时数据,2024-11-04 13,2024-11-04 13:00:45,000,968.8,1029.1,17.1,7.4,38,22662,0.0,-,69,1.7,77,1.5,22.3,26.4,-,-,21000
57053/芮城,小时数据,2024-11-04 12,2024-11-04 12:00:46,000,969.8,1030.0,16.7,8.7,46,14175,0.0,-,132,1.0,54,1.0,23.4,30.9,-,-,14100
57053/芮城,小时数据,2024-11-04 11,2024-11-04 11:00:38,000,970.5,1030.9,15.5,8.4,48,15816,0.0,-,158,1.2,147,1.2,18.7,23.5,-,-,16600
57053/芮城,小时数据,2024-11-04 10,2024-11-04 10:00:46,000,970.7,1031.4,13.6,9.0,58,12844,0.0,-,321,0.9,324,0.9,15.9,21.5,-,-,12500
57053/芮城,小时数据,2024-11-04 09,2024-11-04 09:00:44,000,970.7,1031.5,10.8,8.4,65,23901,0.0,-,15,0.8,359,1.0,11.2,14.2,-,-,19700
57053/芮城,小时数据,2024-11-04 08,2024-11-04 08:00:41,000,970.5,1031.4,9.1,10.3,89,7127,0.0,-,334,1.4,340,1.1,8.0,8.5,-,-,6500
57053/芮城,小时数据,2024-11-04 07,2024-11-04 07:00:45,000,970.1,1030.8,10.1,8.5,69,8857,0.0,-,76,1.6,100,1.7,7.1,6.6,-,-,13200
57053/芮城,小时数据,2024-11-04 06,2024-11-04 06:00:45,000,969.8,1030.3,9.9,9.4,77,30000,0.0,-,5,2.9,40,2.1,7.2,6.5,-,-,4100
57053/芮城,小时数据,2024-11-04 05,2024-11-04 05:00:39,000,969.9,1030.4,8.8,11.2,99,5432,0.0,-,24,1.8,14,2.0,7.4,7.5,-,-,4600
57053/芮城,小时数据,2024-11-04 04,2024-11-04 04:00:46,000,970.3,1031.0,8.2,10.9,100,8155,0.0,-,194,0.8,201,1.2,7.0,6.7,-,-,7900
57053/芮城,小时数据,2024-11-04 03,2024-11-04 03:00:45,000,969.7,1030.3,7.9,10.6,100,8571,0.0,-,9,1.1,32,1.0,6.6,5.9,-,-,8200
57053/芮城,小时数据,2024-11-04 02,2024-11-04 02:00:39,000,970.1,1030.6,7.0,9.8,98,14163,0.0,-,29,1.0,5,1.1,6.1,5.2,-,-,12400
57053/芮城,小时数据,2024-11-04 01,2024-11-04 01:00:47,000,969.5,1029.9,7.7,10.2,97,7585,0.0,-,201,0.9,56,1.3,6.1,3.5,-,-,7800
57053/芮城,小时数据,2024-11-04 00,2024-11-04 00:00:39,000,969.7,1030.0,9.8,12.1,100,2867,0.0,-,291,0.8,249,1.1,6.9,6.1,-,-,2600
57053/芮城,小时数据,2024-11-03 23,2024-11-03 23:00:47,000,969.7,1030.2,9.2,11.6,100,2948,0.0,-,333,0.7,265,0.7,7.2,4.8,-,-,2400
57053/芮城,小时数据,2024-11-03 22,2024-11-03 22:00:38,000,969.3,1030.0,9.0,11.4,99,1940,0.0,-,317,1.0,326,1.0,7.8,5.4,-,-,2300
57053/芮城,小时数据,2024-11-03 21,2024-11-03 21:00:47,000,968.7,1029.3,10.7,12.3,96,2691,0.0,-,222,1.8,122,1.4,8.8,7.1,-,-,3200
57053/芮城,小时数据,2024-11-03 20,2024-11-03 20:00:46,000,968.3,1028.9,11.7,13.2,96,3460,0.0,-,8,1.5,287,1.8,10.0,8.8,-,-,3600
57053/芮城,小时数据,2024-11-03 19,2024-11-03 19:00:40,000,967.2,1027.7,12.3,13.3,93,3334,0.0,-,320,1.0,271,1.0,10.7,7.5,-,-,3100
57053/芮城,小时数据,2024-11-03 18,2024-11-03 18:00:42,000,966.4,1026.7,13.5,13.8,89,3937,0.0,-,254,4.0,250,3.4,12.3,12.0,-,-,3700
57053/芮城,小时数据,2024-11-03 17,2024-11-03 17:00:47,000,965.7,1026.2,14.6,13.3,80,4498,0.0,-,264,0.8,259,1.4,14.9,15.6,-,-,4300
57053/芮城,小时数据,2024-11-03 16,2024-11-03 16:00:44,000,965.4,1026.0,14.1,13.3,83,4366,0.0,-,255,4.3,249,4.7,14.5,14.8,-,-,4400
57053/芮城,小时数据,2024-11-03 15,2024-11-03 15:00:44,000,965.4,1025.9,15.0,13.5,79,4709,0.0,-,235,4.6,241,3.8,16.2,15.8,-,-,5000
57053/芮城,小时数据,2024-11-03 14,2024-11-03 14:00:40,000,965.2,1025.4,17.1,12.9,66,7030,0.0,-,190,1.4,167,1.4,19.9,21.1,-,-,6300
57053/芮城,小时数据,2024-11-03 13,2024-11-03 13:00:45,000,965.5,1025.7,16.6,13.2,70,5683,0.0,-,68,1.7,64,1.8,21.7,23.9,-,-,5700
57053/芮城,小时数据,2024-11-03 12,2024-11-03 12:00:45,000,966.3,1026.6,15.8,13.6,76,4592,0.0,-,352,1.3,167,0.7,20.2,24.2,-,-,4100
57053/芮城,小时数据,2024-11-03 11,2024-11-03 11:00:45,000,966.8,1027.1,14.3,13.5,83,3818,0.0,-,230,3.1,239,2.9,16.1,17.5,-,-,3600
57053/芮城,小时数据,2024-11-03 10,2024-11-03 10:00:38,000,966.5,1026.9,13.1,15.1,100,3354,0.0,-,217,1.2,201,1.0,15.7,17.1,-,-,3000
57053/芮城,小时数据,2024-11-03 09,2024-11-03 09:00:46,000,966.6,1027.2,11.2,13.3,100,2270,0.0,-,49,1.1,9,0.9,13.2,15.6,-,-,1800
57053/芮城,小时数据,2024-11-03 08,2024-11-03 08:00:38,000,965.8,1026.5,9.9,12.2,100,1425,0.0,-,339,0.6,345,0.8,9.4,9.7,-,-,1200
57053/芮城,小时数据,2024-11-03 07,2024-11-03 07:00:44,000,965.6,1026.1,9.9,12.2,100,1712,0.0,-,193,1.2,177,1.8,8.6,9.4,-,-,1300
57053/芮城,小时数据,2024-11-03 06,2024-11-03 06:00:45,000,965.0,1025.3,10.0,12.3,100,2310,0.0,-,255,3.0,263,3.1,8.6,9.9,-,-,900
57053/芮城,小时数据,2024-11-03 05,2024-11-03 05:00:39,000,964.2,1024.6,7.2,10.2,100,376,0.0,-,228,1.8,202,1.2,6.6,5.1,-,-,800
57053/芮城,小时数据,2024-11-03 04,2024-11-03 04:00:45,000,963.5,1023.8,6.4,9.6,100,2700,0.0,-,253,1.2,251,1.5,5.6,2.9,-,-,1000
57053/芮城,小时数据,2024-11-03 03,2024-11-03 03:00:45,000,962.9,1023.1,6.6,9.7,100,1151,0.0,-,356,1.2,358,1.3,5.9,2.5,-,-,1200
57053/芮城,小时数据,2024-11-03 02,2024-11-03 02:00:46,000,963.3,1023.5,7.0,10.0,100,1962,0.0,-,359,1.4,357,1.3,6.5,3.1,-,-,1300
57053/芮城,小时数据,2024-11-03 01,2024-11-03 01:00:45,000,963.4,1023.8,7.5,10.4,100,1203,0.0,-,347,0.9,4,0.8,7.0,4.0,-,-,1300
57053/芮城,小时数据,2024-11-03 00,2024-11-03 00:00:57,000,963.6,1024.0,8.2,10.9,100,2047,0.0,-,29,1.1,31,0.5,7.7,4.0,-,-,1000
57053/芮城,小时数据,2024-11-02 23,2024-11-02 23:00:38,000,964.1,1024.6,9.2,11.6,100,1878,0.0,-,355,0.5,359,0.9,8.9,5.4,-,-,1900
57053/芮城,小时数据,2024-11-02 22,2024-11-02 22:00:45,000,963.9,1024.4,9.4,11.8,100,1878,0.0,-,PPC,0.0,28,0.4,9.5,7.5,-,-,2000
57053/芮城,小时数据,2024-11-02 21,2024-11-02 21:00:39,000,963.9,1024.5,9.4,11.8,100,1828,0.0,-,PPC,0.0,287,0.5,9.6,6.6,-,-,1600
57053/芮城,小时数据,2024-11-02 20,2024-11-02 20:00:45,000,963.3,1023.9,9.9,12.2,100,1597,0.0,-,321,1.0,323,0.9,10.0,6.0,-,-,1800
57053/芮城,小时数据,2024-11-02 19,2024-11-02 19:00:45,000,962.7,1023.1,11.1,13.1,99,2600,0.0,-,PPC,0.0,342,0.5,11.1,6.7,-,-,2400
57053/芮城,小时数据,2024-11-02 18,2024-11-02 18:00:44,000,962.4,1022.6,12.7,12.9,88,4252,0.0,-,38,0.3,PPC,0.2,12.9,8.1,-,-,4100
57053/芮城,小时数据,2024-11-02 17,2024-11-02 17:00:47,000,962.9,1022.9,14.6,13.0,78,5096,0.0,-,243,1.9,223,1.7,15.8,15.0,-,-,5300
57053/芮城,小时数据,2024-11-02 16,2024-11-02 16:00:46,000,963.3,1023.3,15.7,13.4,75,5226,0.0,-,224,3.2,230,3.3,19.2,21.2,-,-,4700
57053/芮城,小时数据,2024-11-02 15,2024-11-02 15:00:45,000,963.4,1023.3,16.3,13.5,73,5535,0.0,-,227,4.2,240,4.1,21.9,24.8,-,-,5300
57053/芮城,小时数据,2024-11-02 14,2024-11-02 14:00:38,000,963.8,1023.9,15.7,14.6,82,4229,0.0,-,241,3.9,242,4.3,23.3,26.0,-,-,3600
57053/芮城,小时数据,2024-11-02 13,2024-11-02 13:00:44,000,964.6,1025.0,13.8,13.9,88,2850,0.0,-,223,4.5,235,4.5,23.3,24.8,-,-,2800
57053/芮城,小时数据,2024-11-02 12,2024-11-02 12:00:38,000,965.3,1025.8,13.0,15.0,100,2500,0.0,-,221,2.6,253,2.0,21.4,24.4,-,-,1900
57053/芮城,小时数据,2024-11-02 11,2024-11-02 11:00:44,000,966.1,1026.7,11.2,13.3,100,1344,0.0,-,241,1.7,256,2.6,16.9,16.6,-,-,1200
57053/芮城,小时数据,2024-11-02 10,2024-11-02 10:00:41,000,966.4,1027.0,10.6,12.8,100,195,0.0,-,311,0.8,347,1.0,14.7,14.6,-,-,200
57053/芮城,小时数据,2024-11-02 09,2024-11-02 09:00:42,000,966.5,1027.1,9.9,12.2,100,195,0.0,-,3,1.3,347,1.2,12.5,12.1,-,-,100
57053/芮城,小时数据,2024-11-02 08,2024-11-02 08:00:39,000,966.1,1026.5,9.7,12.0,100,363,0.0,-,14,1.5,7,1.6,11.0,10.5,-,-,400
57053/芮城,小时数据,2024-11-02 07,2024-11-02 07:00:43,000,965.9,1026.3,9.4,11.8,100,207,0.0,-,318,1.0,332,1.3,10.4,9.7,-,-,100
57053/芮城,小时数据,2024-11-02 06,2024-11-02 06:00:45,000,965.7,1026.0,9.7,12.0,100,152,0.0,-,19,0.6,5,0.8,10.4,9.9,-,-,100
57053/芮城,小时数据,2024-11-02 05,2024-11-02 05:00:45,000,965.7,1025.8,9.9,12.2,100,1033,0.0,-,26,0.6,348,0.6,10.2,10.0,-,-,900
57053/芮城,小时数据,2024-11-02 04,2024-11-02 04:00:44,000,966.2,1026.4,9.4,11.8,100,2493,0.0,-,337,1.2,342,1.2,9.6,9.4,-,-,2500
57053/芮城,小时数据,2024-11-02 03,2024-11-02 03:00:37,000,966.5,1026.7,9.3,11.7,100,1803,0.0,-,346,1.0,356,1.2,8.6,7.2,-,-,2200
57053/芮城,小时数据,2024-11-02 02,2024-11-02 02:00:46,000,966.8,1027.1,8.3,10.9,100,3159,0.0,-,352,1.4,349,1.0,8.4,8.7,-,-,2300
57053/芮城,小时数据,2024-11-02 01,2024-11-02 01:00:43,000,966.8,1027.0,7.8,10.6,100,1717,0.0,-,331,1.2,336,1.4,7.5,4.1,-,-,1700
57053/芮城,小时数据,2024-11-02 00,2024-11-02 00:00:57,000,966.8,1027.1,8.6,11.2,100,1430,0.0,-,2,1.4,354,1.1,8.0,4.5,-,-,1300
57053/芮城,小时数据,2024-11-01 23,2024-11-01 23:00:38,000,966.9,1027.3,9.3,11.7,100,1751,0.0,-,PPC,0.0,72,0.5,8.7,5.1,-,-,800
57053/芮城,小时数据,2024-11-01 22,2024-11-01 22:00:49,000,967.0,1027.4,10.6,12.8,100,1344,0.0,-,21,1.2,36,1.0,9.8,6.2,-,-,1200
57053/芮城,小时数据,2024-11-01 21,2024-11-01 21:00:46,000,966.8,1027.2,11.5,13.4,99,1581,0.0,-,PPC,0.0,124,0.5,10.9,7.7,-,-,1600
57053/芮城,小时数据,2024-11-01 20,2024-11-01 20:00:41,000,966.6,1026.9,12.9,14.1,95,2421,0.0,-,315,0.7,300,1.3,11.9,10.2,-,-,2200
57053/芮城,小时数据,2024-11-01 19,2024-11-01 19:00:39,000,966.1,1026.4,13.3,13.9,91,2673,0.0,-,239,1.6,228,1.3,13.2,11.1,-,-,2900
57053/芮城,小时数据,2024-11-01 18,2024-11-01 18:00:44,000,965.6,1025.9,13.7,13.6,87,3156,0.0,-,261,1.4,257,1.6,13.5,11.3,-,-,3200
57053/芮城,小时数据,2024-11-01 17,2024-11-01 17:00:44,000,965.3,1025.4,14.9,14.1,83,3594,0.0,-,244,1.0,241,1.3,15.8,14.4,-,-,3500
57053/芮城,小时数据,2024-11-01 16,2024-11-01 16:00:44,000,965.2,1025.3,15.5,12.8,73,5231,0.0,-,286,1.3,262,1.5,17.3,17.9,-,-,4500
57053/芮城,小时数据,2024-11-01 15,2024-11-01 15:00:45,000,965.0,1025.1,15.6,12.8,72,5850,0.0,-,248,2.7,244,2.6,17.8,17.9,-,-,4800
57053/芮城,小时数据,2024-11-01 14,2024-11-01 14:00:39,000,965.4,1025.5,15.6,12.9,73,5007,0.0,-,236,3.8,239,3.8,17.9,16.8,-,-,5300
57053/芮城,小时数据,2024-11-01 13,2024-11-01 13:00:44,000,965.9,1025.8,17.1,12.5,64,6805,0.0,-,198,1.4,194,1.3,23.0,23.4,-,-,6300
57053/芮城,小时数据,2024-11-01 12,2024-11-01 12:00:44,000,967.0,1027.1,15.7,14.1,79,3716,0.0,-,262,2.7,257,2.6,22.5,23.3,-,-,3400
57053/芮城,小时数据,2024-11-01 11,2024-11-01 11:00:43,000,967.6,1027.8,14.2,14.2,88,2568,0.0,-,278,1.6,256,1.7,21.0,26.2,-,-,2300
57053/芮城,小时数据,2024-11-01 10,2024-11-01 10:00:44,000,967.9,1028.2,12.8,14.8,100,2172,0.0,-,265,2.9,255,2.7,16.0,15.7,-,-,2100
57053/芮城,小时数据,2024-11-01 09,2024-11-01 09:00:47,000,967.6,1027.9,11.8,13.8,100,1455,0.0,-,36,0.9,77,0.7,14.6,15.4,-,-,1200
57053/芮城,小时数据,2024-11-01 08,2024-11-01 08:00:44,000,966.9,1027.2,10.8,12.9,100,1142,0.0,-,354,0.8,7,1.0,11.7,12.1,-,-,700
57053/芮城,小时数据,2024-11-01 07,2024-11-01 07:00:39,000,966.4,1026.7,10.5,12.7,100,916,0.0,-,148,1.3,157,1.6,10.8,10.5,-,-,700
57053/芮城,小时数据,2024-11-01 06,2024-11-01 06:00:39,000,966.5,1026.8,9.9,12.2,100,1137,0.0,-,336,0.8,316,0.8,10.7,10.3,-,-,700
57053/芮城,小时数据,2024-11-01 05,2024-11-01 05:00:45,000,966.0,1026.3,9.6,11.9,100,259,0.0,-,4,1.0,355,1.1,10.4,10.0,-,-,0
57053/芮城,小时数据,2024-11-01 04,2024-11-01 04:00:46,000,966.0,1026.3,9.2,11.6,100,149,0.0,-,25,1.1,1,0.9,9.9,9.0,-,-,0
57053/芮城,小时数据,2024-11-01 03,2024-11-01 03:00:37,000,966.6,1026.9,9.0,11.5,100,97,0.0,-,99,0.6,175,0.9,9.5,8.5,-,-,0
57053/芮城,小时数据,2024-11-01 02,2024-11-01 02:01:06,000,966.3,1026.5,9.6,11.9,100,57,0.0,-,360,1.1,356,1.2,10.2,9.4,-,-,0
57053/芮城,小时数据,2024-11-01 01,2024-11-01 01:00:46,000,966.6,1027.0,9.7,12.0,100,143,0.0,-,169,0.7,161,0.3,9.2,6.9,-,-,300
57053/芮城,小时数据,2024-11-01 00,2024-11-01 00:01:03,000,966.5,1026.8,10.2,12.4,100,758,0.0,-,134,0.5,88,0.7,9.6,6.1,-,-,600
57053/芮城,小时数据,2024-10-31 23,2024-10-31 23:00:42,000,966.3,1026.5,11.5,13.6,100,1014,0.0,-,22,0.8,350,0.9,11.1,7.8,-,-,700
57053/芮城,小时数据,2024-10-31 22,2024-10-31 22:00:46,000,966.9,1027.1,11.9,13.9,100,1064,0.0,-,248,0.6,296,0.7,12.3,11.1,-,-,1100
57053/芮城,小时数据,2024-10-31 21,2024-10-31 21:00:43,000,966.2,1026.2,12.4,14.4,100,1160,0.0,-,217,0.3,238,0.3,12.7,11.1,-,-,900
57053/芮城,小时数据,2024-10-31 20,2024-10-31 20:00:39,000,965.5,1025.4,13.1,15.1,100,1334,0.0,-,196,0.9,197,0.8,13.4,12.2,-,-,900
57053/芮城,小时数据,2024-10-31 19,2024-10-31 19:00:44,000,964.8,1024.7,13.6,15.6,100,1034,0.0,-,4,0.7,12,0.7,13.8,12.7,-,-,900
57053/芮城,小时数据,2024-10-31 18,2024-10-31 18:00:43,000,964.2,1024.0,13.9,15.6,98,969,0.0,-,360,0.5,19,0.6,14.3,13.0,-,-,1000
57053/芮城,小时数据,2024-10-31 17,2024-10-31 17:00:43,000,963.5,1023.2,14.3,15.1,93,1522,0.0,-,53,0.8,71,0.9,14.9,13.9,-,-,1500
57053/芮城,小时数据,2024-10-31 16,2024-10-31 16:00:43,000,963.6,1023.3,14.5,14.0,85,2092,0.0,-,84,1.4,87,1.4,15.7,14.6,-,-,2000
57053/芮城,小时数据,2024-10-31 15,2024-10-31 15:00:43,000,963.5,1023.1,14.9,14.6,86,2020,0.0,-,103,2.1,106,1.9,18.0,17.2,-,-,2200
57053/芮城,小时数据,2024-10-31 14,2024-10-31 14:00:45,000,963.5,1023.1,14.6,14.8,89,2123,0.0,-,129,1.5,116,1.7,18.2,19.0,-,-,2000
57053/芮城,小时数据,2024-10-31 13,2024-10-31 17:56:51,CCA,963.9,1023.7,13.6,15.6,100,1708,0.6,-,58,2.2,65,2.2,15.8,15.7,0,-,1100
57053/芮城,小时数据,2024-10-31 12,2024-10-31 12:00:44,000,964.7,1024.5,13.4,15.4,100,698,2.2,-,78,0.6,45,0.3,14.2,14.4,-,-,500
57053/芮城,小时数据,2024-10-31 11,2024-10-31 11:00:38,000,964.7,1024.6,13.3,15.3,100,673,2.2,-,102,1.5,111,1.3,13.6,13.5,-,-,700
57053/芮城,小时数据,2024-10-31 10,2024-10-31 10:00:39,000,965.0,1024.9,13.4,15.2,99,887,1.4,-,200,0.7,154,1.0,13.2,13.2,-,-,800
57053/芮城,小时数据,2024-10-31 09,2024-10-31 09:00:43,000,964.0,1023.8,13.7,14.4,92,1657,0.0,-,51,2.8,51,2.8,12.9,13.0,-,-,1600
57053/芮城,小时数据,2024-10-31 08,2024-10-31 08:00:44,000,963.3,1023.1,13.4,14.4,94,1680,0.0,-,62,2.0,62,1.9,12.4,12.6,-,-,1600
57053/芮城,小时数据,2024-10-31 07,2024-10-31 07:00:43,000,962.1,1021.9,13.1,14.2,94,1826,0.0,-,47,2.8,49,2.8,11.9,11.8,-,-,1700
57053/芮城,小时数据,2024-10-31 06,2024-10-31 06:00:42,000,962.1,1021.9,12.9,14.4,97,1564,0.1,-,57,1.8,57,1.8,12.0,11.9,-,-,1600
57053/芮城,小时数据,2024-10-31 05,2024-10-31 05:00:44,000,962.0,1021.7,12.9,14.6,98,1470,0.9,-,59,2.4,56,2.7,12.0,12.0,-,-,1400
57053/芮城,小时数据,2024-10-31 04,2024-10-31 04:00:44,000,962.4,1022.1,13.2,14.3,94,1853,0.0,-,58,2.1,49,2.2,12.0,12.0,-,-,1800
57053/芮城,小时数据,2024-10-31 03,2024-10-31 03:00:37,000,962.7,1022.4,13.4,13.8,90,1955,0.0,-,50,3.5,51,3.5,11.9,12.0,-,-,2000
57053/芮城,小时数据,2024-10-31 02,2024-10-31 02:00:45,000,962.9,1022.6,13.6,13.5,87,2249,0.0,-,54,3.4,54,3.4,11.6,12.1,-,-,2200
57053/芮城,小时数据,2024-10-31 01,2024-10-31 01:00:45,000,963.1,1022.8,13.5,13.3,86,2441,0.0,-,68,2.4,70,2.7,11.5,11.7,-,-,2500
57053/芮城,小时数据,2024-10-31 00,2024-10-31 00:01:02,000,963.1,1022.8,13.7,13.0,83,2978,0.0,-,50,3.3,48,3.7,11.6,12.1,-,-,3000
57053/芮城,小时数据,2024-10-30 23,2024-10-30 23:00:39,000,963.1,1022.9,13.3,12.8,84,3264,0.0,-,43,3.8,45,3.8,11.1,11.7,-,-,3000
57053/芮城,小时数据,2024-10-30 22,2024-10-30 22:00:45,000,963.0,1022.8,13.2,13.0,86,2934,0.0,-,48,4.3,47,4.0,10.7,11.1,-,-,2800
57053/芮城,小时数据,2024-10-30 21,2024-10-30 21:00:37,000,962.9,1022.5,13.1,13.0,86,2943,0.0,-,43,3.6,46,3.7,10.9,10.9,-,-,3000
57053/芮城,小时数据,2024-10-30 20,2024-10-30 20:46:13,CCA,962.5,1022.1,13.2,12.9,85,3327,0.0,-,41,3.2,42,3.2,11.6,11.5,0,-,3400
57053/芮城,小时数据,2024-10-30 19,2024-10-30 19:00:45,000,961.8,1021.4,13.0,12.7,85,3877,0.0,-,51,3.3,50,3.3,11.6,11.0,-,-,3800
57053/芮城,小时数据,2024-10-30 18,2024-10-30 18:00:38,000,961.7,1021.2,13.3,13.7,90,3371,0.0,-,53,2.6,59,2.6,12.8,12.1,-,-,2800
57053/芮城,小时数据,2024-10-30 17,2024-10-30 20:45:51,CCA,961.4,1020.9,13.4,14.7,96,2309,0.4,-,53,3.1,52,3.5,13.7,13.0,0,-,2100
57053/芮城,小时数据,2024-10-30 16,2024-10-30 16:00:47,000,961.5,1021.0,13.4,15.1,98,2106,0.7,-,48,3.2,50,3.2,14.0,13.3,-,-,1900
57053/芮城,小时数据,2024-10-30 15,2024-10-30 15:00:45,000,961.8,1021.2,13.5,15.0,97,2023,0.8,-,43,2.6,45,2.5,13.9,13.4,-,-,2000
57053/芮城,小时数据,2024-10-30 14,2024-10-30 14:00:39,000,961.9,1021.3,13.9,14.9,94,2569,0.4,-,49,2.8,48,2.7,14.5,13.7,-,-,2400
57053/芮城,小时数据,2024-10-30 13,2024-10-30 13:00:43,000,962.3,1021.6,14.2,14.2,88,2745,0.0,-,61,3.3,61,3.6,14.3,13.9,-,-,3100
57053/芮城,小时数据,2024-10-30 12,2024-10-30 12:00:45,000,963.1,1022.5,13.8,14.8,94,2776,0.1,-,40,3.0,39,2.8,14.1,13.8,-,-,2600
57053/芮城,小时数据,2024-10-30 11,2024-10-30 11:00:37,000,963.0,1022.4,13.4,15.1,98,2113,3.0,-,47,4.5,44,4.6,13.6,13.0,-,-,1800
57053/芮城,小时数据,2024-10-30 10,2024-10-30 10:00:37,000,963.3,1022.7,13.6,14.6,94,2076,1.4,-,45,4.3,48,4.2,13.4,13.0,-,-,2000
57053/芮城,小时数据,2024-10-30 09,2024-10-30 09:00:41,000,963.6,1022.8,14.7,12.2,73,3866,0.0,-,342,0.3,350,0.7,13.3,13.9,-,-,3400
57053/芮城,小时数据,2024-10-30 08,2024-10-30 08:00:44,000,962.5,1021.6,14.8,11.9,71,4013,0.0,-,39,0.7,52,1.4,12.7,13.4,-,-,3600
57053/芮城,小时数据,2024-10-30 07,2024-10-30 07:00:44,000,960.8,1019.7,14.7,12.0,72,3645,0.0,-,47,3.1,46,3.0,12.4,13.4,-,-,3600
57053/芮城,小时数据,2024-10-30 06,2024-10-30 06:00:37,000,959.8,1018.6,14.7,12.0,72,3658,0.0,-,65,3.5,66,3.2,12.1,13.0,-,-,3600
57053/芮城,小时数据,2024-10-30 05,2024-10-30 05:00:44,000,959.7,1018.4,14.7,12.2,73,3725,0.0,-,63,1.5,55,1.5,11.8,11.9,-,-,3700
57053/芮城,小时数据,2024-10-30 04,2024-10-30 04:00:37,000,959.9,1018.5,14.7,12.4,74,3708,0.0,-,47,1.6,53,2.2,11.6,11.7,-,-,3600
57053/芮城,小时数据,2024-10-30 03,2024-10-30 03:00:47,000,959.6,1018.1,15.5,12.3,70,3799,0.0,-,59,3.3,54,3.4,12.4,13.0,-,-,4000
57053/芮城,小时数据,2024-10-30 02,2024-10-30 02:00:38,000,959.6,1018.0,15.9,12.6,70,4000,0.0,-,55,4.4,56,4.3,12.7,13.7,-,-,3700
57053/芮城,小时数据,2024-10-30 01,2024-10-30 01:00:48,000,959.7,1018.1,16.5,12.6,67,3684,0.0,-,69,4.6,70,5.1,13.6,14.9,-,-,3700
57053/芮城,小时数据,2024-10-30 00,2024-10-30 00:01:07,000,959.9,1018.5,16.3,12.6,68,4084,0.0,-,60,2.8,59,2.7,13.6,14.7,-,-,4100
57053/芮城,小时数据,2024-10-29 23,2024-10-29 23:00:48,000,959.7,1018.4,16.4,12.1,65,5334,0.0,-,60,3.3,56,3.6,12.9,14.0,-,-,5400
57053/芮城,小时数据,2024-10-29 22,2024-10-29 22:00:47,000,959.4,1018.2,17.0,12.0,62,6763,0.0,-,74,3.8,71,3.9,13.3,14.3,-,-,6800
57053/芮城,小时数据,2024-10-29 21,2024-10-29 21:00:50,000,958.8,1017.7,17.2,12.2,62,7635,0.0,-,58,3.3,54,3.4,13.9,14.4,-,-,7300
57053/芮城,小时数据,2024-10-29 20,2024-10-29 20:00:48,000,958.1,1017.3,17.9,12.7,62,6725,0.0,-,49,3.9,51,3.8,14.7,15.2,-,-,6700
57053/芮城,小时数据,2024-10-29 19,2024-10-29 19:00:46,000,957.3,1016.5,18.7,12.5,58,10002,0.0,-,60,3.9,59,3.9,15.7,16.0,-,-,9000
57053/芮城,小时数据,2024-10-29 18,2024-10-29 18:00:47,000,956.7,1015.7,19.0,13.2,60,8006,0.0,-,50,3.1,45,2.6,17.4,16.6,-,-,8800
57053/芮城,小时数据,2024-10-29 17,2024-10-29 17:00:47,000,956.2,1015.0,19.8,13.6,59,11876,0.0,-,33,2.2,42,2.4,19.3,17.9,-,-,11400
57053/芮城,小时数据,2024-10-29 16,2024-10-29 16:00:38,000,956.5,1015.1,21.0,13.4,54,14922,0.0,-,112,1.3,108,1.2,22.3,21.7,-,-,13000
57053/芮城,小时数据,2024-10-29 15,2024-10-29 15:00:46,000,956.5,1015.0,21.5,12.6,49,15717,0.0,-,137,1.2,114,0.9,25.5,25.9,-,-,13700
57053/芮城,小时数据,2024-10-29 14,2024-10-29 14:00:48,000,956.3,1014.7,21.5,12.6,49,15838,0.0,-,75,1.6,88,2.0,30.8,33.0,-,-,10600
57053/芮城,小时数据,2024-10-29 13,2024-10-29 13:00:46,000,957.2,1015.7,21.2,12.8,51,14881,0.0,-,105,3.0,101,2.7,31.8,34.7,-,-,13400
57053/芮城,小时数据,2024-10-29 12,2024-10-29 12:00:46,000,958.2,1016.8,20.0,13.1,56,10789,0.0,-,90,2.8,86,2.9,28.4,33.1,-,-,7200
57053/芮城,小时数据,2024-10-29 11,2024-10-29 11:00:46,000,959.3,1018.1,18.5,12.8,60,6036,0.0,-,119,2.6,101,2.8,23.8,30.6,-,-,5900
57053/芮城,小时数据,2024-10-29 10,2024-10-29 10:00:39,000,959.7,1018.6,17.2,12.4,63,5342,0.0,-,68,2.8,75,3.4,20.4,27.0,-,-,3800
57053/芮城,小时数据,2024-10-29 09,2024-10-29 09:00:49,000,959.8,1018.9,15.5,13.0,74,3176,0.0,-,88,2.9,90,2.6,15.7,21.8,-,-,3100
57053/芮城,小时数据,2024-10-29 08,2024-10-29 08:00:47,000,959.3,1018.7,11.2,13.3,100,1186,0.0,-,82,1.3,79,1.3,10.0,12.0,-,-,1700
57053/芮城,小时数据,2024-10-29 07,2024-10-29 07:00:45,000,958.4,1017.9,9.9,12.1,99,2177,0.0,-,62,1.8,51,1.6,7.2,4.5,-,-,2000
57053/芮城,小时数据,2024-10-29 06,2024-10-29 06:00:39,000,957.8,1017.0,10.8,11.8,91,2481,0.0,-,6,1.0,28,0.9,8.0,5.8,-,-,2300
57053/芮城,小时数据,2024-10-29 05,2024-10-29 05:00:38,000,957.6,1016.5,11.8,12.6,91,2411,0.0,-,87,2.4,89,2.1,8.9,8.3,-,-,2200
57053/芮城,小时数据,2024-10-29 04,2024-10-29 04:00:45,000,957.2,1015.9,12.6,12.2,84,2564,0.0,-,66,2.0,66,1.8,9.4,8.6,-,-,2500
57053/芮城,小时数据,2024-10-29 03,2024-10-29 03:00:48,000,957.2,1015.8,13.5,12.2,79,2828,0.0,-,55,3.6,55,3.2,10.2,11.0,-,-,2800
57053/芮城,小时数据,2024-10-29 02,2024-10-29 02:00:46,000,957.5,1016.1,13.9,12.1,76,3154,0.0,-,57,2.8,56,3.5,10.6,11.3,-,-,3100
57053/芮城,小时数据,2024-10-29 01,2024-10-29 01:00:46,000,957.7,1016.4,14.3,12.1,74,3247,0.0,-,52,3.0,52,3.3,10.9,11.7,-,-,3100
57053/芮城,小时数据,2024-10-29 00,2024-10-29 00:00:42,000,957.9,1016.7,14.7,12.0,72,3551,0.0,-,55,3.2,52,3.9,11.3,12.0,-,-,3600
57053/芮城,小时数据,2024-10-28 23,2024-10-28 23:00:45,000,957.8,1016.7,15.1,11.8,69,4079,0.0,-,46,3.7,47,3.8,11.7,12.4,-,-,4000
57053/芮城,小时数据,2024-10-28 22,2024-10-28 22:00:46,000,957.8,1016.8,15.5,11.8,67,4910,0.0,-,49,3.8,46,3.7,12.1,12.8,-,-,4900
57053/芮城,小时数据,2024-10-28 21,2024-10-28 21:00:42,000,957.6,1016.8,15.9,11.9,66,5693,0.0,-,46,2.9,43,3.6,12.7,13.2,-,-,5800
57053/芮城,小时数据,2024-10-28 20,2024-10-28 20:00:46,000,957.1,1016.8,16.5,11.8,63,5661,0.0,-,43,4.1,43,3.9,13.5,13.9,-,-,5700
57053/芮城,小时数据,2024-10-28 19,2024-10-28 19:00:40,000,956.6,1016.4,17.0,12.0,62,7149,0.0,-,38,3.6,40,3.0,14.3,13.8,-,-,7200
57053/芮城,小时数据,2024-10-28 18,2024-10-28 18:00:46,000,956.1,1015.8,17.7,11.7,58,8364,0.0,-,22,2.1,30,2.1,16.0,13.0,-,-,8600
57053/芮城,小时数据,2024-10-28 17,2024-10-28 17:00:38,000,955.8,1015.2,19.8,11.8,51,10385,0.0,-,93,2.3,88,2.8,19.8,19.2,-,-,10200
57053/芮城,小时数据,2024-10-28 16,2024-10-28 16:00:47,000,955.8,1015.0,21.1,10.3,41,30000,0.0,-,96,2.5,82,1.8,24.9,28.6,-,-,28200
57053/芮城,小时数据,2024-10-28 15,2024-10-28 15:00:49,000,956.3,1015.5,20.7,10.2,42,17599,0.0,-,117,2.0,95,2.0,28.3,31.5,-,-,17700
57053/芮城,小时数据,2024-10-28 14,2024-10-28 14:00:38,000,956.9,1016.1,20.8,11.3,46,11199,0.0,-,160,1.7,110,1.5,30.1,32.0,-,-,10700
57053/芮城,小时数据,2024-10-28 13,2024-10-28 13:00:43,000,958.0,1017.3,19.8,11.3,49,11546,0.0,-,77,2.4,69,2.5,29.5,33.6,-,-,11600
57053/芮城,小时数据,2024-10-28 12,2024-10-28 12:00:43,000,959.3,1018.8,18.6,11.8,55,11491,0.0,-,127,3.1,97,2.3,27.1,32.7,-,-,9500
57053/芮城,小时数据,2024-10-28 11,2024-10-28 11:00:37,000,960.4,1020.0,17.1,12.3,63,6830,0.0,-,71,2.7,68,3.1,22.4,30.5,-,-,6900
57053/芮城,小时数据,2024-10-28 10,2024-10-28 10:00:45,000,961.2,1020.9,15.6,13.3,75,4790,0.0,-,108,2.7,100,3.0,19.4,26.0,-,-,4100
57053/芮城,小时数据,2024-10-28 09,2024-10-28 09:00:37,000,961.2,1021.1,13.2,15.0,99,4027,0.0,-,103,1.2,101,1.7,14.5,19.3,-,-,4100
57053/芮城,小时数据,2024-10-28 08,2024-10-28 08:00:45,000,961.0,1021.4,7.4,10.3,100,4934,0.0,-,323,0.8,317,0.7,7.7,9.5,-,-,4900
57053/芮城,小时数据,2024-10-28 07,2024-10-28 07:00:45,000,960.7,1021.0,5.9,9.3,100,3959,0.0,-,41,0.9,74,0.8,4.6,2.2,-,-,4800
57053/芮城,小时数据,2024-10-28 06,2024-10-28 06:00:38,000,960.3,1020.3,5.9,9.3,100,4904,0.0,-,358,0.5,PPC,0.0,4.8,2.1,-,-,5600
57053/芮城,小时数据,2024-10-28 05,2024-10-28 05:00:45,000,960.3,1020.0,6.4,9.6,100,5290,0.0,-,358,1.1,359,1.4,5.2,2.5,-,-,6800
57053/芮城,小时数据,2024-10-28 04,2024-10-28 04:00:37,000,960.4,1019.9,7.1,10.1,100,9139,0.0,-,339,0.9,328,1.0,5.6,2.8,-,-,9000
57053/芮城,小时数据,2024-10-28 03,2024-10-28 03:00:42,000,960.8,1020.3,7.4,10.3,100,8543,0.0,-,47,0.9,45,1.0,6.1,3.2,-,-,9700
57053/芮城,小时数据,2024-10-28 02,2024-10-28 02:00:38,000,961.3,1020.8,7.8,10.5,99,13513,0.0,-,348,0.8,344,1.0,6.6,3.4,-,-,12000
57053/芮城,小时数据,2024-10-28 01,2024-10-28 01:00:48,000,961.6,1021.1,8.5,10.9,98,14944,0.0,-,3,1.2,2,1.4,7.3,4.4,-,-,15800
57053/芮城,小时数据,2024-10-28 00,2024-10-28 00:01:07,000,961.9,1021.5,8.3,10.7,98,10719,0.0,-,55,0.5,45,0.9,7.7,4.4,-,-,12300
57053/芮城,小时数据,2024-10-27 23,2024-10-27 23:00:46,000,962.0,1021.6,9.7,11.1,92,16112,0.0,-,91,1.1,50,1.0,8.6,5.2,-,-,15900
57053/芮城,小时数据,2024-10-27 22,2024-10-27 22:00:48,000,962.1,1022.0,10.5,11.3,89,18894,0.0,-,344,1.4,350,1.6,9.5,6.4,-,-,19800
57053/芮城,小时数据,2024-10-27 21,2024-10-27 21:00:48,000,962.0,1022.0,11.0,11.8,90,17096,0.0,-,1,1.6,11,1.6,10.2,6.6,-,-,17300
57053/芮城,小时数据,2024-10-27 20,2024-10-27 20:00:47,000,961.9,1022.0,12.4,11.4,79,13473,0.0,-,86,0.7,10,1.1,11.5,7.5,-,-,18800
57053/芮城,小时数据,2024-10-27 19,2024-10-27 19:00:46,000,961.8,1021.8,14.4,11.3,69,18438,0.0,-,351,0.8,351,1.1,13.2,9.2,-,-,20300
57053/芮城,小时数据,2024-10-27 18,2024-10-27 18:00:38,000,961.4,1020.9,16.6,11.0,58,24285,0.0,-,264,1.7,253,1.7,15.2,11.2,-,-,27400
57053/芮城,小时数据,2024-10-27 17,2024-10-27 17:00:48,000,961.2,1020.4,19.4,10.6,47,30000,0.0,-,250,2.7,247,2.8,19.3,19.1,-,-,30000
57053/芮城,小时数据,2024-10-27 16,2024-10-27 16:00:39,000,961.2,1020.3,20.5,10.1,42,30000,0.0,-,200,2.2,224,2.1,23.7,27.2,-,-,30000
57053/芮城,小时数据,2024-10-27 15,2024-10-27 15:00:45,000,961.4,1020.5,20.1,10.6,45,30000,0.0,-,222,2.3,222,3.4,25.1,25.5,-,-,30000
57053/芮城,小时数据,2024-10-27 14,2024-10-27 14:00:39,000,961.8,1020.8,20.5,10.6,44,30000,0.0,-,252,4.9,242,3.7,28.9,30.5,-,-,30000
57053/芮城,小时数据,2024-10-27 13,2024-10-27 13:00:38,000,962.6,1021.7,19.8,10.4,45,30000,0.0,-,259,3.6,237,4.1,28.2,30.9,-,-,30000
57053/芮城,小时数据,2024-10-27 12,2024-10-27 12:00:48,000,964.0,1023.2,19.3,11.0,49,30000,0.0,-,253,4.6,251,4.7,26.4,31.1,-,-,30000
57053/芮城,小时数据,2024-10-27 11,2024-10-27 11:00:38,000,964.8,1024.1,18.1,10.8,52,30000,0.0,-,223,3.0,254,2.6,24.0,31.4,-,-,30000
57053/芮城,小时数据,2024-10-27 10,2024-10-27 10:00:45,000,965.6,1025.3,14.7,13.0,78,12375,0.0,-,359,0.6,78,0.6,18.2,21.7,-,-,10000
57053/芮城,小时数据,2024-10-27 09,2024-10-27 09:00:46,000,965.5,1025.4,13.3,13.9,91,6881,0.0,-,134,1.3,154,1.6,15.7,19.2,-,-,6900
57053/芮城,小时数据,2024-10-27 08,2024-10-27 08:04:10,CCA,965.3,1025.4,10.5,12.7,100,6467,0.0,-,340,1.1,353,1.3,11.0,13.9,0,-,3200
57053/芮城,小时数据,2024-10-27 07,2024-10-27 07:00:46,000,964.9,1025.0,9.7,12.0,100,1650,0.0,-,PPC,0.0,PPC,0.0,8.1,5.2,-,-,1600
57053/芮城,小时数据,2024-10-27 06,2024-10-27 06:00:39,000,964.9,1024.8,11.3,13.4,100,5537,0.0,-,39,1.4,40,1.5,10.3,10.1,-,-,5500
57053/芮城,小时数据,2024-10-27 05,2024-10-27 05:00:38,000,964.6,1024.4,11.3,13.0,97,7937,0.0,-,18,0.4,72,1.0,10.3,9.7,-,-,8400
57053/芮城,小时数据,2024-10-27 04,2024-10-27 04:00:46,000,964.7,1024.4,11.2,12.5,94,13202,0.0,-,4,1.3,357,1.1,10.5,10.4,-,-,14100
57053/芮城,小时数据,2024-10-27 03,2024-10-27 03:00:47,000,964.9,1024.6,11.6,12.0,88,12611,0.0,-,347,0.8,319,0.9,10.5,10.4,-,-,12700
57053/芮城,小时数据,2024-10-27 02,2024-10-27 02:00:40,000,965.0,1024.5,13.0,12.3,82,15202,0.0,-,272,3.1,268,2.8,10.1,10.4,-,-,12900
57053/芮城,小时数据,2024-10-27 01,2024-10-27 01:00:50,000,965.4,1024.9,13.2,12.4,82,13131,0.0,-,257,5.0,259,5.2,10.6,11.7,-,-,12100
57053/芮城,小时数据,2024-10-27 00,2024-10-27 00:00:39,000,965.7,1025.2,13.6,12.8,82,12131,0.0,-,258,4.6,258,4.5,11.6,12.7,-,-,12400
57053/芮城,小时数据,2024-10-26 23,2024-10-26 23:00:46,000,966.0,1025.6,14.0,12.5,78,16499,0.0,-,252,5.4,254,4.8,11.7,13.0,-,-,15700
57053/芮城,小时数据,2024-10-26 22,2024-10-26 22:00:37,000,966.3,1026.0,14.1,12.1,75,16777,0.0,-,257,5.6,252,5.7,11.8,13.3,-,-,17700
57053/芮城,小时数据,2024-10-26 21,2024-10-26 21:00:45,000,966.2,1026.1,14.0,12.1,76,20739,0.0,-,254,5.2,251,4.9,11.9,13.0,-,-,16900
57053/芮城,小时数据,2024-10-26 20,2024-10-27 09:17:07,CCA,965.8,1026.0,14.0,12.1,76,18631,0.0,-,254,4.2,253,5.2,12.0,13.1,0,-,18000
57053/芮城,小时数据,2024-10-26 19,2024-10-26 19:00:39,000,965.4,1025.6,14.7,11.7,70,18437,0.0,-,264,4.8,259,4.5,12.4,13.1,-,-,18000
57053/芮城,小时数据,2024-10-26 18,2024-10-26 18:00:45,000,965.2,1025.3,15.1,11.8,69,17786,0.0,-,245,3.7,245,4.7,12.8,13.8,-,-,17000
57053/芮城,小时数据,2024-10-26 17,2024-10-26 17:00:48,000,964.9,1024.9,16.2,11.2,61,22817,0.0,-,252,5.8,251,6.0,13.8,15.7,-,-,19800
57053/芮城,小时数据,2024-10-26 16,2024-10-26 16:00:41,000,964.6,1024.5,16.9,10.8,56,21376,0.0,-,246,4.1,241,4.5,14.7,16.8,-,-,21200
57053/芮城,小时数据,2024-10-26 15,2024-10-26 15:00:45,000,964.4,1024.3,17.0,11.4,59,18227,0.0,-,244,4.1,242,3.9,16.0,17.8,-,-,17100
57053/芮城,小时数据,2024-10-26 14,2024-10-26 14:00:37,000,964.6,1024.4,17.5,11.2,56,19618,0.0,-,245,4.1,249,4.2,16.6,19.2,-,-,22000
57053/芮城,小时数据,2024-10-26 13,2024-10-26 13:00:45,000,964.8,1024.5,17.4,11.3,57,19179,0.0,-,243,3.8,249,4.0,17.4,19.9,-,-,18500
57053/芮城,小时数据,2024-10-26 12,2024-10-26 12:00:38,000,965.5,1024.9,17.1,12.5,64,9932,0.0,-,PPC,0.0,11,0.6,18.7,22.5,-,-,8500
57053/芮城,小时数据,2024-10-26 11,2024-10-26 11:00:43,000,965.8,1025.3,15.8,12.6,70,6635,0.0,-,210,1.7,215,1.4,16.8,19.5,-,-,5400
57053/芮城,小时数据,2024-10-26 10,2024-10-26 10:00:46,000,966.0,1025.6,14.8,11.6,69,5656,0.0,-,243,2.7,244,2.3,15.5,18.4,-,-,5700
57053/芮城,小时数据,2024-10-26 09,2024-10-26 09:00:37,000,966.0,1025.7,13.1,11.6,77,5848,0.0,-,214,1.6,216,1.5,13.2,15.5,-,-,4700
57053/芮城,小时数据,2024-10-26 08,2024-10-26 08:00:42,000,965.4,1025.4,9.8,12.0,99,4257,0.0,-,47,0.8,78,0.6,9.8,11.0,-,-,3600
57053/芮城,小时数据,2024-10-26 07,2024-10-26 07:00:37,000,964.9,1024.8,9.2,11.0,95,4863,0.0,-,128,0.6,100,1.0,7.7,6.8,-,-,3500
57053/芮城,小时数据,2024-10-26 06,2024-10-26 06:00:40,000,964.5,1024.3,9.7,11.2,93,5364,0.0,-,327,1.0,326,1.1,8.0,7.3,-,-,5100
57053/芮城,小时数据,2024-10-26 05,2024-10-26 05:00:43,000,964.4,1024.0,9.7,11.1,92,5413,0.0,-,340,1.9,353,1.9,7.9,7.6,-,-,5300
57053/芮城,小时数据,2024-10-26 04,2024-10-26 04:00:38,000,964.7,1024.3,9.2,10.8,93,5071,0.0,-,30,0.9,356,0.5,7.8,6.4,-,-,4900
57053/芮城,小时数据,2024-10-26 03,2024-10-26 03:00:46,000,965.0,1024.6,9.2,10.1,87,4914,0.0,-,25,0.9,8,0.8,7.4,5.6,-,-,4600
57053/芮城,小时数据,2024-10-26 02,2024-10-26 02:00:39,000,965.3,1024.8,9.6,10.2,85,4940,0.0,-,343,1.4,12,0.7,7.4,4.8,-,-,5000
57053/芮城,小时数据,2024-10-26 01,2024-10-26 01:00:49,000,965.1,1024.6,10.9,9.5,73,5514,0.0,-,296,1.1,311,1.0,8.3,5.8,-,-,6200
57053/芮城,小时数据,2024-10-26 00,2024-10-26 00:01:04,000,964.6,1023.8,14.5,9.4,57,7502,0.0,-,49,2.3,52,2.6,9.7,10.7,-,-,7500
57053/芮城,小时数据,2024-10-25 23,2024-10-25 23:00:39,000,964.2,1023.3,15.1,9.3,54,7488,0.0,-,47,3.9,47,4.0,10.1,12.5,-,-,7700
57053/芮城,小时数据,2024-10-25 22,2024-10-25 22:00:48,000,963.8,1023.0,15.1,8.9,52,8292,0.0,-,40,3.7,41,3.7,10.0,11.8,-,-,7400
57053/芮城,小时数据,2024-10-25 21,2024-10-25 21:00:50,000,963.2,1022.4,15.5,8.8,50,8456,0.0,-,45,3.4,48,3.3,10.5,12.0,-,-,8500
57053/芮城,小时数据,2024-10-25 20,2024-10-25 20:00:50,000,962.5,1021.8,16.3,8.9,48,8509,0.0,-,52,3.1,49,3.5,11.3,12.9,-,-,9000
57053/芮城,小时数据,2024-10-25 19,2024-10-25 19:00:43,000,961.6,1020.9,17.0,9.1,47,9872,0.0,-,49,4.2,48,4.0,12.2,13.9,-,-,10000
57053/芮城,小时数据,2024-10-25 18,2024-10-25 18:00:46,000,960.8,1019.9,17.9,9.0,44,11132,0.0,-,46,4.3,45,4.2,13.4,14.8,-,-,10900
57053/芮城,小时数据,2024-10-25 17,2024-10-25 17:00:41,000,960.3,1019.1,19.7,9.4,41,13312,0.0,-,55,3.8,52,3.3,17.0,19.3,-,-,12600
57053/芮城,小时数据,2024-10-25 16,2024-10-25 16:00:47,000,960.3,1019.1,20.1,9.6,41,13779,0.0,-,55,4.6,52,4.3,19.0,21.9,-,-,13400
57053/芮城,小时数据,2024-10-25 15,2024-10-25 15:00:40,000,960.6,1019.3,20.4,10.1,42,12619,0.0,-,49,3.5,54,3.9,20.8,24.6,-,-,12500
57053/芮城,小时数据,2024-10-25 14,2024-10-25 14:00:48,000,960.9,1019.6,20.5,10.4,43,11910,0.0,-,53,4.5,57,4.3,21.1,24.8,-,-,11700
57053/芮城,小时数据,2024-10-25 13,2024-10-25 13:00:46,000,961.4,1020.2,19.9,10.5,45,11534,0.0,-,55,5.5,60,5.2,22.0,27.1,-,-,10900
57053/芮城,小时数据,2024-10-25 12,2024-10-25 12:00:40,000,962.4,1021.3,18.7,10.1,47,11031,0.0,-,55,5.0,55,5.4,19.6,23.3,-,-,9600
57053/芮城,小时数据,2024-10-25 11,2024-10-25 11:00:50,000,962.8,1021.8,18.1,10.0,48,10773,0.0,-,69,6.2,61,5.9,19.0,22.2,-,-,10100
57053/芮城,小时数据,2024-10-25 10,2024-10-25 10:00:45,000,962.9,1021.9,17.6,10.1,50,9141,0.0,-,64,7.5,61,6.3,20.6,28.2,-,-,9000
57053/芮城,小时数据,2024-10-25 09,2024-10-25 09:00:38,000,962.7,1021.8,16.2,10.1,55,10427,0.0,-,54,4.8,51,5.3,16.1,23.2,-,-,8500
57053/芮城,小时数据,2024-10-25 08,2024-10-25 08:00:38,000,962.1,1021.3,14.0,9.9,62,7629,0.0,-,45,6.3,45,5.9,10.9,13.9,-,-,7800
57053/芮城,小时数据,2024-10-25 07,2024-10-25 07:00:46,000,961.5,1020.6,13.5,9.7,63,7907,0.0,-,42,4.6,42,4.9,9.6,11.4,-,-,7900
57053/芮城,小时数据,2024-10-25 06,2024-10-25 06:00:48,000,961.3,1020.3,13.9,10.0,63,7887,0.0,-,35,6.0,39,5.0,10.0,11.7,-,-,7800
57053/芮城,小时数据,2024-10-25 05,2024-10-25 05:00:43,000,961.4,1020.2,14.2,10.4,64,7854,0.0,-,40,4.1,42,3.4,10.8,12.3,-,-,7700
57053/芮城,小时数据,2024-10-25 04,2024-10-25 04:00:42,000,960.8,1019.2,14.6,10.3,62,8378,0.0,-,49,4.9,49,5.5,11.2,13.2,-,-,8300
57053/芮城,小时数据,2024-10-25 03,2024-10-25 03:00:38,000,960.7,1019.0,15.0,10.4,61,8659,0.0,-,49,6.0,49,6.1,11.4,13.7,-,-,8700
57053/芮城,小时数据,2024-10-25 02,2024-10-25 07:38:55,CCA,960.8,1019.1,14.9,10.5,62,9246,0.0,-,47,5.6,49,5.6,10.9,13.2,0,-,8800
57053/芮城,小时数据,2024-10-25 01,2024-10-25 07:38:40,CCA,960.3,1018.7,15.2,10.7,62,9393,0.0,-,48,5.2,48,5.8,11.2,13.3,0,-,8900
57053/芮城,小时数据,2024-10-25 00,2024-10-25 00:01:03,000,961.2,1019.7,15.6,10.8,61,8675,0.0,-,47,4.6,47,4.7,11.6,13.5,-,-,8600
57053/芮城,小时数据,2024-10-24 23,2024-10-24 23:00:53,000,960.9,1019.6,16.1,11.2,61,8183,0.0,-,58,5.9,56,5.9,12.0,14.3,-,-,8100
57053/芮城,小时数据,2024-10-24 22,2024-10-24 22:00:52,000,961.1,1019.9,16.4,11.2,60,8333,0.0,-,47,5.6,51,5.6,12.3,14.5,-,-,8100
57053/芮城,小时数据,2024-10-24 21,2024-10-24 21:00:43,000,960.4,1019.6,16.8,11.5,60,8224,0.0,-,47,5.0,54,4.8,12.7,14.9,-,-,8000
57053/芮城,小时数据,2024-10-24 20,2024-10-24 20:00:49,000,959.4,1019.0,17.5,11.2,56,10176,0.0,-,50,4.5,49,5.4,13.2,15.6,-,-,10500
57053/芮城,小时数据,2024-10-24 19,2024-10-24 19:00:49,000,958.1,1017.9,18.3,10.9,52,13188,0.0,-,51,7.3,53,5.6,13.6,16.3,-,-,13700
57053/芮城,小时数据,2024-10-24 18,2024-10-24 18:00:52,000,957.0,1016.6,19.4,10.8,48,19717,0.0,-,50,4.7,52,4.9,14.5,17.1,-,-,20600
57053/芮城,小时数据,2024-10-24 17,2024-10-24 17:19:48,CCA,956.5,1015.9,20.9,11.1,45,26530,0.0,-,50,4.5,55,4.4,16.4,19.1,-,-,26100
57053/芮城,小时数据,2024-10-24 16,2024-10-24 16:00:40,000,956.2,1015.2,23.4,11.5,40,30000,0.0,-,69,5.2,62,5.6,21.1,28.5,-,-,30000
57053/芮城,小时数据,2024-10-24 15,2024-10-24 15:00:49,000,956.1,1015.1,24.4,11.6,38,30000,0.0,-,65,4.3,67,4.5,24.5,33.0,-,-,30000
57053/芮城,小时数据,2024-10-24 14,2024-10-24 14:00:39,000,956.5,1015.4,24.6,11.7,38,30000,0.0,-,96,3.9,103,3.4,26.2,33.5,-,-,30000
57053/芮城,小时数据,2024-10-24 13,2024-10-24 13:00:43,000,957.5,1016.6,23.1,12.1,43,30000,0.0,-,108,3.9,99,3.9,26.7,35.1,-,-,30000
57053/芮城,小时数据,2024-10-24 12,2024-10-24 12:00:45,000,958.7,1018.0,21.7,11.7,45,30000,0.0,-,78,3.1,76,3.6,25.8,35.6,-,-,30000
57053/芮城,小时数据,2024-10-24 11,2024-10-24 11:00:38,000,959.8,1019.3,19.8,11.5,50,29244,0.0,-,125,2.8,112,3.2,22.8,32.2,-,-,17000
57053/芮城,小时数据,2024-10-24 10,2024-10-24 10:00:40,000,960.6,1020.2,18.2,10.9,52,16978,0.0,-,86,3.1,78,3.1,20.4,30.1,-,-,14500
57053/芮城,小时数据,2024-10-24 09,2024-10-24 09:00:49,000,961.0,1021.0,13.5,12.2,79,13230,0.0,-,77,2.0,86,2.1,14.7,22.5,-,-,11800
57053/芮城,小时数据,2024-10-24 08,2024-10-24 08:00:45,000,960.7,1021.2,8.4,11.0,100,8562,0.0,-,PPC,0.0,38,0.6,7.7,11.0,-,-,9400
57053/芮城,小时数据,2024-10-24 07,2024-10-24 07:00:48,000,960.4,1021.0,4.9,8.7,100,6058,0.0,-,346,1.2,345,1.0,3.5,0.8,-,-,5500
57053/芮城,小时数据,2024-10-24 06,2024-10-24 06:00:39,000,960.2,1020.5,5.3,8.9,100,8192,0.0,-,5,1.5,3,1.7,3.6,1.0,-,-,6900
57053/芮城,小时数据,2024-10-24 05,2024-10-24 05:00:43,000,960.3,1020.2,5.3,8.9,100,5495,0.0,-,351,0.9,343,1.3,4.0,0.8,-,-,4800
57053/芮城,小时数据,2024-10-24 04,2024-10-24 04:00:39,000,960.5,1020.2,6.1,9.4,100,6720,0.0,-,347,1.7,346,1.4,4.4,1.5,-,-,6500
57053/芮城,小时数据,2024-10-24 03,2024-10-24 03:00:44,000,960.8,1020.6,5.8,9.2,100,7647,0.0,-,1,0.9,2,0.9,4.9,1.5,-,-,7000
57053/芮城,小时数据,2024-10-24 02,2024-10-24 02:00:46,000,961.4,1021.1,6.9,9.9,100,12272,0.0,-,350,1.9,349,2.0,5.4,3.5,-,-,7900
57053/芮城,小时数据,2024-10-24 01,2024-10-24 01:00:43,000,961.4,1021.2,6.9,9.9,100,9880,0.0,-,8,1.3,5,1.2,5.9,2.6,-,-,9800
57053/芮城,小时数据,2024-10-24 00,2024-10-24 00:01:01,000,961.5,1021.5,7.1,10.1,100,12869,0.0,-,355,2.1,353,1.6,6.3,2.6,-,-,8900
57053/芮城,小时数据,2024-10-23 23,2024-10-23 23:00:47,000,961.5,1021.6,7.6,10.4,100,8635,0.0,-,349,0.7,349,1.1,7.0,3.2,-,-,7600
57053/芮城,小时数据,2024-10-23 22,2024-10-23 22:00:39,000,961.3,1021.6,8.3,10.6,97,7497,0.0,-,3,1.6,10,1.4,7.9,3.8,-,-,8600
57053/芮城,小时数据,2024-10-23 21,2024-10-23 21:00:48,000,961.0,1021.4,9.5,10.8,91,8172,0.0,-,360,0.8,358,1.1,9.0,4.8,-,-,8600
57053/芮城,小时数据,2024-10-23 20,2024-10-23 20:00:46,000,961.0,1021.9,10.4,11.1,88,9544,0.0,-,343,0.9,350,0.9,10.0,5.3,-,-,9800
57053/芮城,小时数据,2024-10-23 19,2024-10-23 19:00:45,000,960.7,1021.7,12.4,10.8,75,15586,0.0,-,343,0.9,341,1.1,11.6,7.4,-,-,16100
57053/芮城,小时数据,2024-10-23 18,2024-10-23 18:00:47,000,960.1,1020.8,14.7,10.7,64,21098,0.0,-,206,0.7,185,0.7,13.8,8.5,-,-,22200
57053/芮城,小时数据,2024-10-23 17,2024-10-23 17:00:48,000,959.8,1019.9,18.9,9.2,42,28287,0.0,-,178,1.4,173,1.4,17.7,19.0,-,-,27400
57053/芮城,小时数据,2024-10-23 16,2024-10-23 16:00:48,000,960.0,1020.0,19.6,9.3,41,21479,0.0,-,172,1.9,169,2.0,21.4,27.6,-,-,22300
57053/芮城,小时数据,2024-10-23 15,2024-10-23 15:00:49,000,960.2,1020.3,19.4,10.6,47,17641,0.0,-,125,2.4,126,2.5,24.7,31.1,-,-,23600
57053/芮城,小时数据,2024-10-23 14,2024-10-23 14:00:39,000,960.8,1020.8,19.1,9.5,43,26526,0.0,-,48,1.4,51,1.2,27.1,33.4,-,-,29000
57053/芮城,小时数据,2024-10-23 13,2024-10-23 13:00:47,000,961.8,1021.9,18.4,9.7,46,30000,0.0,-,180,1.7,193,1.8,27.1,32.3,-,-,30000
57053/芮城,小时数据,2024-10-23 12,2024-10-23 12:00:40,000,962.8,1023.1,16.2,9.4,51,30000,0.0,-,187,1.6,201,1.3,25.3,32.9,-,-,28900
57053/芮城,小时数据,2024-10-23 11,2024-10-23 11:00:40,000,963.5,1023.9,14.9,9.8,58,30000,0.0,-,165,2.1,181,2.5,21.0,27.8,-,-,29400
57053/芮城,小时数据,2024-10-23 10,2024-10-23 10:00:47,000,964.1,1024.7,12.6,9.5,65,29262,0.0,-,74,1.7,82,1.9,18.3,26.9,-,-,19400
57053/芮城,小时数据,2024-10-23 09,2024-10-23 09:00:40,000,964.5,1025.4,9.8,8.6,71,21060,0.0,-,117,1.9,127,1.4,12.3,19.7,-,-,17900
57053/芮城,小时数据,2024-10-23 08,2024-10-23 08:00:38,000,964.4,1025.8,4.5,8.4,100,19523,0.0,-,23,0.7,348,0.9,5.2,8.0,-,-,18700
57053/芮城,小时数据,2024-10-23 07,2024-10-23 07:00:43,000,964.0,1025.5,1.8,7.0,100,21237,0.0,-,46,1.1,56,1.2,1.0,-1.6,-,-,14700
57053/芮城,小时数据,2024-10-23 06,2024-10-23 06:00:38,000,964.2,1025.3,1.8,6.9,99,20654,0.0,-,258,0.5,205,0.6,1.2,-1.8,-,-,18500
57053/芮城,小时数据,2024-10-23 05,2024-10-23 05:00:45,000,964.1,1024.8,2.9,7.4,99,26081,0.0,-,344,1.9,352,1.8,1.7,-0.5,-,-,24200
57053/芮城,小时数据,2024-10-23 04,2024-10-23 04:00:37,000,964.4,1025.0,3.0,7.5,99,19587,0.0,-,4,0.8,354,1.3,2.0,-1.1,-,-,19000
57053/芮城,小时数据,2024-10-23 03,2024-10-23 03:00:47,000,965.2,1025.9,3.0,7.5,99,10163,0.0,-,PPC,0.0,PPC,0.0,2.3,-1.2,-,-,10300
57053/芮城,小时数据,2024-10-23 02,2024-10-23 02:00:49,000,965.4,1026.0,3.9,7.6,94,14947,0.0,-,38,0.8,47,0.9,2.8,-0.8,-,-,16700
57053/芮城,小时数据,2024-10-23 01,2024-10-23 01:00:49,000,965.5,1026.1,4.8,7.7,90,30000,0.0,-,22,0.6,46,0.5,3.4,-0.4,-,-,25600
57053/芮城,小时数据,2024-10-23 00,2024-10-23 00:01:02,000,966.1,1026.7,5.7,7.5,82,30000,0.0,-,347,1.7,350,1.6,4.1,0.2,-,-,30000
57053/芮城,小时数据,2024-10-22 23,2024-10-22 23:00:37,000,966.8,1027.5,5.8,8.1,88,30000,0.0,-,15,1.6,19,1.4,4.8,0.7,-,-,25800
57053/芮城,小时数据,2024-10-22 22,2024-10-22 22:00:43,000,967.1,1027.8,6.8,8.1,82,30000,0.0,-,355,2.3,355,1.9,5.6,2.2,-,-,28200
57053/芮城,小时数据,2024-10-22 21,2024-10-22 21:00:41,000,967.3,1028.0,7.2,8.3,82,27905,0.0,-,338,1.6,353,1.3,6.5,2.1,-,-,30000
57053/芮城,小时数据,2024-10-22 20,2024-10-22 20:00:44,000,967.3,1028.2,8.0,8.9,83,22663,0.0,-,340,1.9,354,1.8,7.4,3.1,-,-,21500
57053/芮城,小时数据,2024-10-22 19,2024-10-22 19:00:41,000,967.0,1028.2,9.4,8.7,74,22594,0.0,-,92,1.1,46,1.3,9.0,4.7,-,-,20900
57053/芮城,小时数据,2024-10-22 18,2024-10-22 18:00:46,000,966.8,1027.3,13.1,7.7,51,30000,0.0,-,294,1.0,284,1.1,11.2,6.5,-,-,30000
57053/芮城,小时数据,2024-10-22 17,2024-10-22 17:00:49,000,966.8,1026.8,16.0,6.5,36,30000,0.0,-,254,3.7,245,3.1,14.4,16.2,-,-,30000
57053/芮城,小时数据,2024-10-22 16,2024-10-22 16:00:48,000,967.0,1026.9,16.7,6.7,35,30000,0.0,-,244,4.3,245,4.4,18.0,23.1,-,-,30000
57053/芮城,小时数据,2024-10-22 15,2024-10-22 15:00:45,000,967.5,1027.4,16.7,7.4,39,30000,0.0,-,232,5.0,238,4.7,21.1,25.9,-,-,30000
57053/芮城,小时数据,2024-10-22 14,2024-10-22 14:00:46,000,968.2,1028.2,16.4,7.6,41,30000,0.0,-,237,4.9,245,5.2,22.7,26.3,-,-,30000
57053/芮城,小时数据,2024-10-22 13,2024-10-22 13:00:38,000,969.3,1029.5,15.5,8.3,47,30000,0.0,-,245,5.3,244,4.7,23.2,26.6,-,-,30000
57053/芮城,小时数据,2024-10-22 12,2024-10-22 12:00:38,000,970.3,1030.6,15.1,8.4,49,30000,0.0,-,246,5.0,246,5.1,22.6,27.2,-,-,30000
57053/芮城,小时数据,2024-10-22 11,2024-10-22 11:00:45,000,971.1,1031.6,14.6,8.6,52,30000,0.0,-,267,3.4,258,4.5,20.6,28.0,-,-,30000
57053/芮城,小时数据,2024-10-22 10,2024-10-22 10:00:45,000,971.4,1032.0,13.8,7.9,50,30000,0.0,-,262,5.5,263,4.7,17.6,24.1,-,-,30000
57053/芮城,小时数据,2024-10-22 09,2024-10-22 09:00:42,000,970.9,1031.6,13.1,8.0,53,30000,0.0,-,279,3.6,275,4.4,13.5,21.5,-,-,30000
57053/芮城,小时数据,2024-10-22 08,2024-10-22 08:00:45,000,970.1,1031.0,10.6,8.3,65,30000,0.0,-,263,3.5,262,3.2,8.2,12.7,-,-,19100
57053/芮城,小时数据,2024-10-22 07,2024-10-22 07:00:41,000,969.4,1030.8,6.8,9.5,96,8087,0.0,-,PPC,0.0,95,0.3,4.7,1.7,-,-,9000
57053/芮城,小时数据,2024-10-22 06,2024-10-22 06:00:38,000,969.3,1030.5,8.6,9.9,89,14119,0.0,-,238,4.3,236,3.8,6.0,6.6,-,-,14800
57053/芮城,小时数据,2024-10-22 05,2024-10-22 05:00:43,000,968.5,1029.5,10.5,8.2,65,30000,0.0,-,257,2.0,256,2.0,6.5,5.6,-,-,30000
57053/芮城,小时数据,2024-10-22 04,2024-10-22 04:00:40,000,967.9,1028.8,11.3,8.3,62,30000,0.0,-,257,5.4,252,5.6,7.4,9.5,-,-,30000
57053/芮城,小时数据,2024-10-22 03,2024-10-22 03:00:42,000,967.6,1028.5,11.2,8.8,66,30000,0.0,-,251,4.1,248,4.6,7.9,9.5,-,-,30000
57053/芮城,小时数据,2024-10-22 02,2024-10-22 02:00:48,000,967.9,1028.8,11.2,9.0,68,27431,0.0,-,259,3.9,256,5.0,8.1,9.8,-,-,25700
57053/芮城,小时数据,2024-10-22 01,2024-10-22 01:00:47,000,968.1,1028.9,11.0,9.3,71,21659,0.0,-,255,6.1,252,6.1,8.5,10.1,-,-,22200
57053/芮城,小时数据,2024-10-22 00,2024-10-22 00:00:40,000,968.0,1028.8,10.7,9.3,72,22129,0.0,-,260,7.1,258,7.8,8.4,9.9,-,-,21700
57053/芮城,小时数据,2024-10-21 23,2024-10-21 23:00:48,000,967.9,1028.8,10.1,9.3,75,19256,0.0,-,251,8.0,255,7.8,7.9,9.2,-,-,18700
57053/芮城,小时数据,2024-10-21 22,2024-10-21 22:00:44,000,967.9,1028.9,10.0,9.0,73,21111,0.0,-,262,7.0,262,6.8,8.3,9.4,-,-,19600
57053/芮城,小时数据,2024-10-21 21,2024-10-21 21:00:39,000,967.2,1028.3,9.8,9.2,76,20199,0.0,-,259,6.6,261,6.6,8.5,9.3,-,-,20400
57053/芮城,小时数据,2024-10-21 20,2024-10-21 20:00:47,000,966.5,1027.7,9.3,9.1,78,28242,0.0,-,263,1.3,259,2.7,8.5,8.7,-,-,24200
57053/芮城,小时数据,2024-10-21 19,2024-10-21 19:00:38,000,965.2,1026.4,8.7,9.6,85,16343,0.0,-,257,2.8,262,2.5,8.6,8.2,-,-,13300
57053/芮城,小时数据,2024-10-21 18,2024-10-21 18:00:43,000,964.2,1025.4,8.7,9.8,87,15611,0.0,-,272,3.2,261,3.4,8.8,8.2,-,-,13300
57053/芮城,小时数据,2024-10-21 17,2024-10-21 17:00:45,000,963.3,1024.5,8.1,10.3,95,6583,0.0,-,258,2.8,257,3.4,9.1,8.0,-,-,6500
57053/芮城,小时数据,2024-10-21 16,2024-10-21 16:00:47,000,962.4,1023.5,7.8,10.6,100,3554,0.0,-,259,4.5,253,4.5,9.8,8.3,-,-,3500
57053/芮城,小时数据,2024-10-21 15,2024-10-21 15:00:47,000,961.9,1023.1,7.5,10.4,100,2553,0.0,-,252,4.0,254,4.3,9.7,8.4,-,-,2300
57053/芮城,小时数据,2024-10-21 14,2024-10-21 14:00:40,000,961.8,1023.0,7.6,10.3,99,2209,0.0,-,252,5.6,250,5.4,9.8,8.4,-,-,2500
57053/芮城,小时数据,2024-10-21 13,2024-10-21 13:00:48,000,961.3,1022.3,8.7,9.7,86,5205,0.0,-,248,4.4,244,4.1,11.9,10.6,-,-,6000
57053/芮城,小时数据,2024-10-21 12,2024-10-21 12:00:38,000,961.3,1022.3,9.1,9.4,81,11108,0.0,-,207,1.5,189,1.8,12.2,13.2,-,-,11600
57053/芮城,小时数据,2024-10-21 11,2024-10-21 11:00:45,000,961.0,1022.0,8.9,9.3,82,12547,0.0,-,92,2.1,82,1.9,11.4,12.7,-,-,11700
57053/芮城,小时数据,2024-10-21 10,2024-10-21 10:00:42,000,960.9,1022.0,8.0,9.2,86,9197,0.0,-,107,2.1,97,2.5,9.8,11.1,-,-,8600
57053/芮城,小时数据,2024-10-21 09,2024-10-21 09:00:43,000,960.5,1021.7,7.0,9.0,90,6821,0.0,-,100,2.3,104,2.7,8.5,8.9,-,-,6900
57053/芮城,小时数据,2024-10-21 08,2024-10-21 08:00:47,000,960.9,1022.2,6.4,8.8,92,7474,0.0,-,72,2.4,66,2.5,7.7,7.7,-,-,6100
57053/芮城,小时数据,2024-10-21 07,2024-10-21 07:00:46,000,961.4,1022.8,5.9,8.8,95,5593,0.0,-,68,0.8,73,0.5,7.1,6.3,-,-,5600
57053/芮城,小时数据,2024-10-21 06,2024-10-21 06:00:41,000,961.9,1023.3,5.9,8.5,92,6400,0.0,-,183,1.3,187,1.3,6.9,5.9,-,-,6300
57053/芮城,小时数据,2024-10-21 05,2024-10-21 05:00:39,000,962.1,1023.4,6.0,8.4,90,6998,0.0,-,90,1.3,86,1.1,6.8,6.1,-,-,7300
57053/芮城,小时数据,2024-10-21 04,2024-10-21 04:00:48,000,962.7,1024.1,5.9,8.4,90,7394,0.0,-,100,2.0,91,2.1,6.7,6.0,-,-,7000
57053/芮城,小时数据,2024-10-21 03,2024-10-21 03:00:38,000,963.6,1025.1,5.8,8.4,91,6764,0.0,-,45,2.4,56,2.2,6.7,5.9,-,-,6900
57053/芮城,小时数据,2024-10-21 02,2024-10-21 02:00:40,000,964.5,1026.2,5.7,8.3,91,8151,0.0,-,80,1.7,78,2.0,6.7,5.9,-,-,8600
57053/芮城,小时数据,2024-10-21 01,2024-10-21 01:00:45,000,965.0,1026.8,5.6,8.3,91,9114,0.0,-,90,1.8,89,1.7,6.7,5.7,-,-,9500
57053/芮城,小时数据,2024-10-21 00,2024-10-21 00:01:02,000,965.8,1027.6,5.5,8.2,91,9735,0.0,-,77,1.2,62,1.7,6.8,5.8,-,-,10200
57053/芮城,小时数据,2024-10-20 23,2024-10-20 23:00:38,000,966.3,1028.1,5.6,8.4,92,12521,0.0,-,76,1.6,88,1.3,6.9,5.9,-,-,10100
57053/芮城,小时数据,2024-10-20 22,2024-10-20 22:00:43,000,966.5,1028.2,5.6,8.4,92,9928,0.0,-,49,1.9,55,1.8,6.8,5.9,-,-,9900
57053/芮城,小时数据,2024-10-20 21,2024-10-20 21:00:37,000,966.8,1028.5,5.6,8.4,92,11721,0.0,-,86,2.3,87,2.1,6.8,5.8,-,-,11100
57053/芮城,小时数据,2024-10-20 20,2024-10-20 20:00:49,000,966.5,1028.2,5.5,8.4,93,12534,0.0,-,67,2.4,67,2.2,6.9,5.7,-,-,9800
57053/芮城,小时数据,2024-10-20 19,2024-10-20 19:00:40,000,966.4,1028.1,5.4,8.5,95,11729,0.0,-,88,1.3,85,1.5,7.1,5.8,-,-,12400
57053/芮城,小时数据,2024-10-20 18,2024-10-20 18:00:43,000,966.8,1028.5,5.5,8.3,92,14204,0.0,-,99,0.9,112,1.0,7.7,6.0,-,-,15100
57053/芮城,小时数据,2024-10-20 17,2024-10-20 17:00:47,000,966.7,1028.4,5.8,8.2,89,20532,0.0,-,105,2.3,108,2.3,8.4,6.5,-,-,16700
57053/芮城,小时数据,2024-10-20 16,2024-10-20 16:00:46,000,966.5,1028.2,5.5,8.1,90,22789,0.0,-,64,3.1,61,3.3,8.9,7.6,-,-,22900
57053/芮城,小时数据,2024-10-20 15,2024-10-20 15:00:46,000,966.7,1028.4,5.1,8.3,94,23411,0.3,-,76,4.6,70,4.2,9.4,7.8,-,-,16600
57053/芮城,小时数据,2024-10-20 14,2024-10-20 14:00:46,000,967.6,1029.4,4.3,8.1,97,12613,1.9,-,58,3.8,60,3.8,7.4,5.8,-,-,9200
57053/芮城,小时数据,2024-10-20 13,2024-10-20 13:00:47,000,968.7,1030.5,4.1,7.8,95,8385,2.0,-,52,4.3,54,5.0,6.7,5.1,-,-,8000
57053/芮城,小时数据,2024-10-20 12,2024-10-20 12:00:46,000,969.3,1031.0,4.3,7.6,92,7246,0.8,-,38,3.9,47,4.6,6.8,5.1,-,-,9000
57053/芮城,小时数据,2024-10-20 11,2024-10-20 11:00:45,000,969.3,1030.9,4.7,7.2,84,10235,0.2,-,52,4.8,51,5.4,6.7,5.2,-,-,10200
57053/芮城,小时数据,2024-10-20 10,2024-10-20 10:00:47,000,968.8,1030.2,5.5,6.8,75,15498,0.0,-,63,7.7,63,7.6,6.9,6.8,-,-,16700
57053/芮城,小时数据,2024-10-20 09,2024-10-20 09:00:45,000,968.4,1029.7,5.8,6.7,73,21802,0.0,-,69,8.0,69,7.5,7.3,8.1,-,-,18800
57053/芮城,小时数据,2024-10-20 08,2024-10-20 08:00:46,000,967.7,1028.9,5.6,6.5,71,24683,0.0,-,68,7.7,68,7.6,5.5,6.1,-,-,22400
57053/芮城,小时数据,2024-10-20 07,2024-10-20 07:00:39,000,967.6,1028.8,5.4,6.4,71,25226,0.0,-,67,8.5,69,8.2,4.9,4.6,-,-,22900
57053/芮城,小时数据,2024-10-20 06,2024-10-20 06:00:48,000,967.6,1028.7,5.5,6.1,68,27988,0.0,-,66,6.6,69,8.0,5.0,4.6,-,-,30000
57053/芮城,小时数据,2024-10-20 05,2024-10-20 05:00:39,000,967.7,1028.8,5.7,6.0,66,30000,0.0,-,65,7.1,68,6.7,5.2,4.7,-,-,30000
57053/芮城,小时数据,2024-10-20 04,2024-10-20 04:00:42,000,968.1,1029.2,5.7,6.4,70,30000,0.1,-,68,7.5,69,7.1,5.4,4.4,-,-,29100
57053/芮城,小时数据,2024-10-20 03,2024-10-20 03:00:38,000,968.4,1029.4,6.2,6.3,66,23467,0.0,-,69,6.6,68,6.5,5.7,4.7,-,-,30000
57053/芮城,小时数据,2024-10-20 02,2024-10-20 02:00:46,000,969.1,1030.0,6.7,6.5,66,24477,0.0,-,71,5.9,71,5.7,6.0,4.9,-,-,27300
57053/芮城,小时数据,2024-10-20 01,2024-10-20 01:00:47,000,969.0,1029.9,7.8,5.7,54,30000,0.0,-,73,6.0,72,6.0,6.2,6.7,-,-,30000
57053/芮城,小时数据,2024-10-20 00,2024-10-20 00:01:03,000,969.5,1030.4,8.3,5.6,51,30000,0.0,-,62,4.6,66,5.2,6.5,7.4,-,-,30000
57053/芮城,小时数据,2024-10-19 23,2024-10-19 23:00:45,000,969.6,1030.4,8.8,5.4,48,30000,0.0,-,72,6.9,73,6.1,6.6,8.1,-,-,30000
57053/芮城,小时数据,2024-10-19 22,2024-10-19 22:00:38,000,969.9,1030.5,9.5,5.8,49,30000,0.0,-,72,5.7,71,5.4,7.4,8.8,-,-,30000
57053/芮城,小时数据,2024-10-19 21,2024-10-19 21:00:47,000,969.6,1030.0,10.2,6.2,50,30000,0.0,-,83,5.5,80,5.8,8.1,9.5,-,-,30000
57053/芮城,小时数据,2024-10-19 20,2024-10-19 20:00:46,000,969.3,1029.6,10.6,6.9,54,30000,0.0,-,73,5.0,75,5.0,8.7,10.0,-,-,30000
57053/芮城,小时数据,2024-10-19 19,2024-10-19 19:00:45,000,968.7,1028.8,11.1,7.4,56,30000,0.0,-,72,7.8,72,7.2,9.3,10.7,-,-,30000
57053/芮城,小时数据,2024-10-19 18,2024-10-19 18:00:46,000,968.9,1029.0,11.7,7.8,57,30000,0.0,-,72,5.6,70,5.4,10.0,11.3,-,-,30000
57053/芮城,小时数据,2024-10-19 17,2024-10-19 17:00:39,000,968.7,1028.7,11.8,8.3,60,30000,0.0,-,68,6.1,70,6.6,10.5,11.6,-,-,30000
57053/芮城,小时数据,2024-10-19 16,2024-10-19 16:00:46,000,968.7,1028.7,11.8,8.3,60,30000,0.0,-,69,5.7,66,5.8,11.3,12.3,-,-,30000
57053/芮城,小时数据,2024-10-19 15,2024-10-19 15:00:44,000,968.8,1028.8,11.9,8.6,62,30000,0.0,-,68,4.9,68,4.8,12.1,13.3,-,-,30000
57053/芮城,小时数据,2024-10-19 14,2024-10-19 15:04:23,CCA,968.7,1028.6,12.6,8.3,57,30000,0.0,-,64,7.6,65,7.0,16.0,18.3,-,-,30000
57053/芮城,小时数据,2024-10-19 13,2024-10-19 13:00:38,000,969.2,1029.2,11.8,9.1,66,29609,0.0,-,69,6.9,67,6.4,12.3,13.7,-,-,30000
57053/芮城,小时数据,2024-10-19 12,2024-10-19 12:00:38,000,969.9,1029.9,11.7,10.0,73,21823,0.0,-,70,7.9,67,7.6,11.5,11.7,-,-,22900
57053/芮城,小时数据,2024-10-19 11,2024-10-19 11:00:45,000,969.7,1029.6,12.0,10.4,74,29829,0.0,-,64,6.2,65,7.5,12.0,12.3,-,-,30000
57053/芮城,小时数据,2024-10-19 10,2024-10-19 10:00:46,000,969.2,1028.9,13.0,11.8,79,30000,0.0,-,65,8.7,66,7.9,13.0,12.0,-,-,24400
57053/芮城,小时数据,2024-10-19 09,2024-10-19 09:00:48,000,968.6,1028.1,14.3,13.8,85,30000,0.0,-,63,6.1,63,6.9,13.8,13.8,-,-,19500
57053/芮城,小时数据,2024-10-19 08,2024-10-19 15:05:50,CCA,967.5,1026.9,15.2,14.2,82,18742,0.0,-,57,4.2,57,4.9,14.2,14.5,-,-,20200
57053/芮城,小时数据,2024-10-19 07,2024-10-19 07:00:45,000,966.7,1025.9,15.6,14.0,79,20527,0.0,-,62,5.4,57,5.6,14.2,15.1,-,-,17100
57053/芮城,小时数据,2024-10-19 06,2024-10-19 06:00:48,000,966.1,1025.2,15.7,14.4,81,15044,0.0,-,46,4.4,49,4.9,14.4,15.1,-,-,15100
57053/芮城,小时数据,2024-10-19 05,2024-10-19 05:00:37,000,965.6,1024.5,15.8,14.4,80,17552,0.0,-,52,4.8,51,5.0,14.5,15.2,-,-,18200
57053/芮城,小时数据,2024-10-19 04,2024-10-19 04:00:44,000,965.1,1023.9,15.9,14.8,82,21522,0.0,-,54,4.8,57,4.7,14.8,15.3,-,-,16000
57053/芮城,小时数据,2024-10-19 03,2024-10-19 03:00:46,000,964.7,1023.4,16.4,15.1,81,14675,0.0,-,59,5.8,58,5.2,15.0,15.6,-,-,14600
57053/芮城,小时数据,2024-10-19 02,2024-10-19 02:00:38,000,964.2,1022.8,16.4,15.8,85,11281,0.0,-,50,4.4,49,4.9,14.9,14.7,-,-,9700
57053/芮城,小时数据,2024-10-19 01,2024-10-19 01:00:46,000,963.8,1022.4,16.6,17.9,95,6302,0.0,-,53,4.6,53,4.4,15.1,14.9,-,-,6200
57053/芮城,小时数据,2024-10-19 00,2024-10-19 00:01:00,000,963.6,1022.3,16.4,18.6,100,6222,0.0,-,58,2.6,63,2.3,15.3,14.9,-,-,5100
57053/芮城,小时数据,2024-10-18 23,2024-10-18 23:00:37,000,963.4,1022.1,17.1,19.1,98,7435,0.0,-,32,1.0,29,0.9,16.2,13.9,-,-,7900
57053/芮城,小时数据,2024-10-18 22,2024-10-18 22:00:43,000,963.2,1021.9,17.5,19.2,96,7892,0.0,-,PPC,0.2,47,0.3,17.3,16.5,-,-,8800
57053/芮城,小时数据,2024-10-18 21,2024-10-18 21:00:47,000,962.7,1021.5,17.7,18.2,90,11599,0.0,-,96,1.1,136,1.4,17.4,16.6,-,-,7400
57053/芮城,小时数据,2024-10-18 20,2024-10-18 20:00:46,000,961.8,1020.7,17.5,18.8,94,7447,0.0,-,211,1.0,153,1.1,17.3,16.3,-,-,9000
57053/芮城,小时数据,2024-10-18 19,2024-10-18 19:00:46,000,960.7,1019.6,18.1,18.9,91,7170,0.0,-,41,1.3,29,1.3,17.3,15.3,-,-,6500
57053/芮城,小时数据,2024-10-18 18,2024-10-18 18:00:39,000,959.7,1018.3,19.5,17.7,78,10144,0.0,-,278,2.1,279,1.8,18.5,17.3,-,-,9500
57053/芮城,小时数据,2024-10-18 17,2024-10-18 17:00:44,000,959.4,1017.9,20.6,17.2,71,11229,0.0,-,257,2.7,251,3.6,19.8,20.0,-,-,11100
57053/芮城,小时数据,2024-10-18 16,2024-10-18 16:00:38,000,959.0,1017.4,21.2,17.4,69,11415,0.0,-,241,4.3,238,4.7,21.9,23.1,-,-,12200
57053/芮城,小时数据,2024-10-18 15,2024-10-18 15:00:46,000,958.3,1016.6,21.9,17.1,65,14310,0.0,-,247,4.6,253,4.5,24.8,28.8,-,-,13300
57053/芮城,小时数据,2024-10-18 14,2024-10-18 14:36:33,CCA,958.2,1016.5,21.8,17.5,67,11586,0.0,-,256,5.7,257,4.4,25.1,28.8,-,-,10700
57053/芮城,小时数据,2024-10-18 13,2024-10-18 14:36:22,CCA,958.1,1016.3,22.0,16.6,63,19347,0.0,-,250,5.0,248,5.3,25.8,28.4,-,-,16000
57053/芮城,小时数据,2024-10-18 12,2024-10-18 14:35:50,CCA,958.5,1016.9,21.0,17.6,71,9956,0.0,-,259,7.1,250,6.7,26.3,28.0,-,-,6900
57053/芮城,小时数据,2024-10-18 11,2024-10-18 11:00:46,000,958.4,1016.9,20.0,18.9,81,5883,0.0,-,248,5.4,250,5.6,24.9,29.3,-,-,6500
57053/芮城,小时数据,2024-10-18 10,2024-10-18 10:00:41,000,958.3,1016.9,19.3,18.1,81,7227,0.0,-,252,5.7,257,5.1,24.0,26.3,-,-,7200
57053/芮城,小时数据,2024-10-18 09,2024-10-18 09:00:47,000,957.8,1016.5,18.0,20.6,100,8861,0.0,-,136,0.5,147,0.7,21.4,23.2,-,-,7300
57053/芮城,小时数据,2024-10-18 08,2024-10-18 08:00:37,000,956.9,1015.7,16.3,18.5,100,4569,0.0,-,41,1.7,13,0.9,16.8,17.3,-,-,4500
57053/芮城,小时数据,2024-10-18 07,2024-10-18 07:00:46,000,956.1,1014.9,15.5,17.6,100,2550,0.0,-,PPC,0.2,293,0.7,15.0,13.5,-,-,2300
57053/芮城,小时数据,2024-10-18 06,2024-10-18 06:00:38,000,955.6,1014.3,15.9,18.1,100,4011,0.0,-,309,1.0,323,0.6,15.6,14.7,-,-,4400
57053/芮城,小时数据,2024-10-18 05,2024-10-18 05:00:45,000,955.0,1013.6,16.1,18.3,100,7354,0.0,-,7,0.3,298,0.5,15.8,15.3,-,-,3700
57053/芮城,小时数据,2024-10-18 04,2024-10-18 04:00:46,000,954.5,1013.0,16.3,18.5,100,6997,0.0,-,349,1.4,303,1.2,16.0,15.7,-,-,4100
57053/芮城,小时数据,2024-10-18 03,2024-10-18 03:00:44,000,954.3,1012.8,16.2,18.4,100,4410,0.0,-,88,0.6,61,1.0,16.0,15.6,-,-,4000
57053/芮城,小时数据,2024-10-18 02,2024-10-18 02:00:38,000,954.2,1012.6,16.5,18.8,100,6659,0.0,-,249,2.4,244,2.7,16.1,15.8,-,-,6900
57053/芮城,小时数据,2024-10-18 01,2024-10-18 01:00:46,000,954.5,1013.0,16.4,18.6,100,20477,0.0,-,257,2.2,252,2.1,16.3,16.0,-,-,22800
57053/芮城,小时数据,2024-10-18 00,2024-10-18 00:00:40,000,954.7,1013.2,16.2,18.4,100,21124,0.0,-,269,1.1,264,1.6,16.1,15.8,-,-,19000
57053/芮城,小时数据,2024-10-17 23,2024-10-17 23:00:43,000,954.7,1013.3,15.7,17.8,100,8726,0.0,-,247,2.1,233,1.3,15.8,14.9,-,-,5600
57053/芮城,小时数据,2024-10-17 22,2024-10-17 22:00:41,000,954.5,1013.1,16.0,18.2,100,5511,0.3,-,268,0.6,PPC,0.0,16.2,15.2,-,-,4600
57053/芮城,小时数据,2024-10-17 21,2024-10-17 21:00:46,000,954.3,1012.9,16.1,18.3,100,10058,1.0,-,PPC,0.0,PPC,0.0,16.4,15.9,-,-,10100
57053/芮城,小时数据,2024-10-17 20,2024-10-17 20:00:40,000,953.9,1012.5,16.1,18.3,100,10801,0.6,-,63,1.4,61,1.4,16.3,15.6,-,-,10300
57053/芮城,小时数据,2024-10-17 19,2024-10-17 19:00:46,000,953.4,1012.0,16.2,18.4,100,11166,2.5,-,48,2.6,44,2.6,16.4,15.8,-,-,6600
57053/芮城,小时数据,2024-10-17 18,2024-10-17 18:00:45,000,953.0,1011.5,16.4,18.6,100,4701,5.6,-,39,2.7,40,2.4,16.7,16.1,-,-,3300
57053/芮城,小时数据,2024-10-17 17,2024-10-17 17:00:40,000,953.0,1011.5,16.8,19.1,100,3469,5.8,-,25,1.7,17,2.0,17.3,16.7,-,-,2900
57053/芮城,小时数据,2024-10-17 16,2024-10-17 16:00:45,000,952.9,1011.3,17.1,19.5,100,5526,1.0,-,41,2.8,44,3.1,18.0,17.1,-,-,4600
57053/芮城,小时数据,2024-10-17 15,2024-10-17 15:00:46,000,953.0,1011.4,17.4,19.9,100,5329,0.3,-,58,2.1,58,2.4,18.3,17.5,-,-,5100
57053/芮城,小时数据,2024-10-17 14,2024-10-17 14:00:38,000,953.3,1011.6,17.6,19.9,99,12113,0.0,-,47,2.0,48,2.0,18.5,17.8,-,-,8600
57053/芮城,小时数据,2024-10-17 13,2024-10-17 13:00:43,000,954.1,1012.4,17.8,20.2,99,11094,0.0,-,61,4.4,62,3.9,19.2,18.8,-,-,10500
57053/芮城,小时数据,2024-10-17 12,2024-10-17 12:00:41,000,955.3,1013.7,17.4,19.9,100,7533,0.1,-,73,4.9,75,4.2,18.1,17.6,-,-,6200
57053/芮城,小时数据,2024-10-17 11,2024-10-17 11:00:43,000,956.2,1014.7,17.0,19.4,100,4218,1.0,-,71,4.5,68,3.8,18.2,18.0,-,-,3100
57053/芮城,小时数据,2024-10-17 10,2024-10-17 10:00:45,000,956.9,1015.5,16.7,19.0,100,1672,2.0,-,63,2.2,66,3.6,17.3,16.8,-,-,1900
57053/芮城,小时数据,2024-10-17 09,2024-10-17 09:00:44,000,957.1,1015.7,16.2,18.4,100,1408,2.7,-,60,3.7,62,3.2,16.7,16.4,-,-,1300
57053/芮城,小时数据,2024-10-17 08,2024-10-17 08:00:40,000,957.2,1015.8,15.9,18.1,100,1303,2.8,-,57,2.8,60,3.2,16.1,15.8,-,-,1100
57053/芮城,小时数据,2024-10-17 07,2024-10-17 07:00:46,000,957.2,1015.8,15.9,18.1,100,1241,2.9,-,57,3.9,56,3.6,16.0,15.5,-,-,1000
57053/芮城,小时数据,2024-10-17 06,2024-10-17 06:00:42,000,957.4,1015.9,16.0,18.2,100,1085,4.9,-,53,2.8,51,2.6,16.1,15.6,-,-,1100
57053/芮城,小时数据,2024-10-17 05,2024-10-17 05:00:39,000,957.4,1015.7,16.3,18.5,100,1456,1.5,-,48,3.2,46,3.3,16.2,15.7,-,-,1300
57053/芮城,小时数据,2024-10-17 04,2024-10-17 04:00:43,000,957.4,1015.6,16.3,18.5,100,1480,0.9,-,44,3.4,45,3.5,16.3,15.8,-,-,1300
57053/芮城,小时数据,2024-10-17 03,2024-10-17 03:00:45,000,958.0,1016.1,16.8,17.8,93,1681,0.1,-,55,3.4,57,3.5,16.3,15.8,-,-,1800
57053/芮城,小时数据,2024-10-17 02,2024-10-17 02:00:40,000,958.4,1016.4,17.5,16.8,84,2669,0.0,-,64,3.8,57,3.7,16.9,16.6,-,-,2600
57053/芮城,小时数据,2024-10-17 01,2024-10-17 01:00:47,000,959.1,1017.2,17.7,16.2,80,3357,0.0,-,64,2.8,59,3.2,17.1,16.9,-,-,3100
57053/芮城,小时数据,2024-10-17 00,2024-10-17 00:00:59,000,959.4,1017.6,17.6,16.1,80,3275,0.0,-,53,4.4,54,4.4,17.1,16.8,-,-,3200
57053/芮城,小时数据,2024-10-16 23,2024-10-16 23:00:42,000,960.0,1018.3,17.8,16.1,79,3761,0.0,-,68,4.7,67,4.6,17.2,17.1,-,-,3700
57053/芮城,小时数据,2024-10-16 22,2024-10-16 22:00:40,000,959.9,1018.3,17.7,16.4,81,3511,0.0,-,68,4.7,68,5.3,17.2,16.9,-,-,3400
57053/芮城,小时数据,2024-10-16 21,2024-10-16 21:00:48,000,960.1,1018.8,17.7,15.8,78,3371,0.0,-,59,4.4,55,4.8,16.9,16.3,-,-,3300
57053/芮城,小时数据,2024-10-16 20,2024-10-16 20:00:47,000,959.5,1018.2,18.0,15.5,75,3057,0.0,-,67,4.8,69,5.5,17.3,16.8,-,-,3000
57053/芮城,小时数据,2024-10-16 19,2024-10-16 19:00:47,000,959.1,1017.8,18.5,15.5,73,2934,0.0,-,57,4.5,60,4.1,18.0,17.0,-,-,2900
57053/芮城,小时数据,2024-10-16 18,2024-10-16 18:00:46,000,958.4,1017.0,19.6,15.0,66,3298,0.0,-,68,4.1,67,4.6,19.7,18.2,-,-,3200
57053/芮城,小时数据,2024-10-16 17,2024-10-16 17:00:40,000,958.3,1016.8,20.8,14.7,60,3755,0.0,-,69,5.7,69,5.3,22.9,21.3,-,-,3800
57053/芮城,小时数据,2024-10-16 16,2024-10-16 16:00:46,000,958.0,1016.2,22.5,14.2,52,4789,0.0,-,65,5.8,62,6.2,29.2,27.1,-,-,4700
57053/芮城,小时数据,2024-10-16 15,2024-10-16 15:00:38,000,958.3,1016.4,23.3,14.3,50,5332,0.0,-,80,4.8,72,5.4,32.8,31.4,-,-,5100
57053/芮城,小时数据,2024-10-16 14,2024-10-16 14:00:44,000,958.9,1017.0,23.5,14.5,50,4925,0.0,-,74,4.2,75,5.4,34.0,31.1,-,-,5000
57053/芮城,小时数据,2024-10-16 13,2024-10-16 13:00:46,000,960.0,1018.2,22.6,14.0,51,4799,0.0,-,84,6.2,77,6.1,35.6,33.6,-,-,3900
57053/芮城,小时数据,2024-10-16 12,2024-10-16 12:00:39,000,961.3,1019.6,21.8,14.4,55,3794,0.0,-,90,6.9,78,5.9,34.5,33.1,-,-,3700
57053/芮城,小时数据,2024-10-16 11,2024-10-16 11:00:46,000,962.2,1020.6,20.9,14.8,60,3153,0.0,-,49,6.3,53,5.7,29.9,30.9,-,-,3100
57053/芮城,小时数据,2024-10-16 10,2024-10-16 10:00:45,000,962.7,1021.1,19.8,14.5,63,3202,0.0,-,80,4.8,71,5.0,26.8,28.9,-,-,2600
57053/芮城,小时数据,2024-10-16 09,2024-10-16 09:00:47,000,962.8,1021.4,17.7,15.2,75,2102,0.0,-,56,6.3,60,5.9,20.4,22.6,-,-,2100
57053/芮城,小时数据,2024-10-16 08,2024-10-16 08:00:45,000,962.3,1020.9,16.3,15.2,82,1917,0.0,-,57,4.9,53,4.9,16.2,17.7,-,-,1800
57053/芮城,小时数据,2024-10-16 07,2024-10-16 07:00:45,000,961.8,1020.3,15.6,15.2,86,1809,0.0,-,51,5.3,53,5.4,13.7,14.2,-,-,1800
57053/芮城,小时数据,2024-10-16 06,2024-10-16 06:00:46,000,961.6,1019.9,15.4,15.2,87,1825,0.0,-,53,3.9,51,4.0,13.4,13.5,-,-,1800
57053/芮城,小时数据,2024-10-16 05,2024-10-16 05:00:47,000,961.3,1019.4,15.5,15.0,85,1935,0.0,-,45,4.6,50,3.9,13.7,13.6,-,-,1900
57053/芮城,小时数据,2024-10-16 04,2024-10-16 04:00:43,000,961.1,1019.0,16.0,14.9,82,2066,0.0,-,49,5.0,51,5.4,14.2,14.4,-,-,2000
57053/芮城,小时数据,2024-10-16 03,2024-10-16 03:00:37,000,961.2,1019.0,16.3,14.8,80,2108,0.0,-,49,6.2,49,5.9,14.6,14.7,-,-,2100
57053/芮城,小时数据,2024-10-16 02,2024-10-16 02:00:47,000,961.5,1019.4,16.6,14.7,78,2165,0.0,-,54,6.2,55,5.4,15.0,15.0,-,-,2100
57053/芮城,小时数据,2024-10-16 01,2024-10-16 01:00:45,000,961.4,1019.3,17.2,14.9,76,2156,0.0,-,55,5.8,59,5.7,15.7,15.7,-,-,2100
57053/芮城,小时数据,2024-10-16 00,2024-10-16 00:01:01,000,961.3,1019.3,18.0,15.3,74,2167,0.0,-,55,5.5,58,5.4,16.4,16.3,-,-,2100
57053/芮城,小时数据,2024-10-15 23,2024-10-15 23:00:39,000,961.2,1019.3,18.8,15.0,69,2577,0.0,-,59,4.9,58,4.6,17.0,16.9,-,-,2500
57053/芮城,小时数据,2024-10-15 22,2024-10-15 22:00:38,000,960.9,1019.1,19.6,14.6,64,3106,0.0,-,63,4.6,62,4.2,17.6,17.4,-,-,3100
57053/芮城,小时数据,2024-10-15 21,2024-10-15 21:00:47,000,960.3,1018.5,20.4,14.4,60,3430,0.0,-,66,5.2,64,5.3,18.6,18.6,-,-,3400
57053/芮城,小时数据,2024-10-15 20,2024-10-15 20:00:46,000,959.4,1017.9,21.4,14.3,56,4057,0.0,-,63,4.7,66,5.6,19.6,19.5,-,-,4100
57053/芮城,小时数据,2024-10-15 19,2024-10-15 19:00:46,000,958.1,1016.8,22.5,13.9,51,7888,0.0,-,68,5.0,68,4.5,20.8,20.2,-,-,8100
57053/芮城,小时数据,2024-10-15 18,2024-10-15 18:00:45,000,956.9,1015.2,24.2,11.8,39,18029,0.0,-,72,5.0,75,6.1,22.8,22.1,-,-,16800
57053/芮城,小时数据,2024-10-15 17,2024-10-15 17:00:39,000,956.5,1014.7,26.3,11.3,33,20205,0.0,-,71,5.2,71,5.3,27.4,27.2,-,-,21300
57053/芮城,小时数据,2024-10-15 16,2024-10-15 16:00:45,000,956.4,1014.4,27.5,12.1,33,22219,0.0,-,70,6.2,76,5.6,32.6,32.3,-,-,23900
57053/芮城,小时数据,2024-10-15 15,2024-10-15 15:00:45,000,956.7,1014.6,27.9,13.5,36,21277,0.0,-,113,4.3,104,3.7,38.6,37.0,-,-,25900
57053/芮城,小时数据,2024-10-15 14,2024-10-15 14:00:37,000,957.4,1015.4,26.9,14.9,42,16727,0.0,-,127,3.3,125,2.3,42.6,39.2,-,-,15600
57053/芮城,小时数据,2024-10-15 13,2024-10-15 13:00:46,000,958.2,1016.1,26.1,14.2,42,23842,0.0,-,130,1.3,153,1.5,43.8,41.9,-,-,19800
57053/芮城,小时数据,2024-10-15 12,2024-10-15 12:00:41,000,959.2,1017.1,25.1,14.3,45,18765,0.0,-,210,1.7,197,1.4,41.2,39.2,-,-,17900
57053/芮城,小时数据,2024-10-15 11,2024-10-15 11:00:45,000,959.9,1017.8,23.2,14.2,50,12214,0.0,-,105,2.5,111,2.0,34.7,38.0,-,-,10400
57053/芮城,小时数据,2024-10-15 10,2024-10-15 10:33:19,000,960.2,1018.3,21.3,14.9,59,9610,0.0,-,60,1.7,89,2.2,30.3,34.6,-,-,8300
57053/芮城,小时数据,2024-10-15 09,2024-10-15 09:00:43,000,960.0,1018.2,19.3,15.0,67,6698,0.0,-,103,1.5,78,1.2,23.3,29.9,-,-,6700
57053/芮城,小时数据,2024-10-15 08,2024-10-15 08:00:39,000,959.6,1018.1,15.7,15.5,87,6852,0.0,-,83,1.2,88,1.3,15.8,18.6,-,-,7400
57053/芮城,小时数据,2024-10-15 07,2024-10-15 07:00:45,000,958.8,1017.9,11.5,13.6,100,6811,0.0,-,324,0.6,347,0.7,10.3,8.1,-,-,6400
57053/芮城,小时数据,2024-10-15 06,2024-10-15 06:00:38,000,958.2,1016.8,12.4,14.4,100,9970,0.0,-,360,1.7,1,2.0,10.4,9.1,-,-,7300
57053/芮城,小时数据,2024-10-15 05,2024-10-15 05:00:42,000,957.7,1016.0,11.9,13.5,97,8173,0.0,-,82,0.5,65,0.4,10.6,7.6,-,-,7200
57053/芮城,小时数据,2024-10-15 04,2024-10-15 04:00:44,000,957.6,1015.8,12.3,13.3,93,6408,0.0,-,355,0.8,15,0.9,11.1,8.2,-,-,6400
57053/芮城,小时数据,2024-10-15 03,2024-10-15 03:00:45,000,957.6,1015.8,13.1,13.6,90,6233,0.0,-,8,1.1,19,1.0,11.7,8.4,-,-,5500
57053/芮城,小时数据,2024-10-15 02,2024-10-15 02:00:37,000,957.6,1015.8,13.8,13.2,84,5183,0.0,-,31,1.0,33,1.1,12.3,9.0,-,-,5500
57053/芮城,小时数据,2024-10-15 01,2024-10-15 01:00:46,000,957.9,1016.0,15.5,13.0,74,6437,0.0,-,94,1.5,93,1.5,13.1,9.7,-,-,6700
57053/芮城,小时数据,2024-10-15 00,2024-10-15 00:01:00,000,958.0,1016.1,17.2,12.2,62,9091,0.0,-,42,1.5,45,1.4,14.2,10.7,-,-,8000
57053/芮城,小时数据,2024-10-14 23,2024-10-14 23:00:39,000,957.5,1015.4,19.8,12.5,54,9345,0.0,-,48,2.7,49,3.0,15.9,16.1,-,-,8000
57053/芮城,小时数据,2024-10-14 22,2024-10-14 22:00:45,000,957.0,1015.0,20.2,12.3,52,13765,0.0,-,47,3.4,48,3.1,16.4,16.3,-,-,12500
57053/芮城,小时数据,2024-10-14 21,2024-10-14 21:00:39,000,956.5,1014.7,20.3,11.9,50,11762,0.0,-,47,2.3,53,2.4,16.8,15.6,-,-,11300
57053/芮城,小时数据,2024-10-14 20,2024-10-14 20:00:47,000,955.8,1014.4,21.1,12.0,48,16041,0.0,-,50,3.0,44,3.0,17.8,16.8,-,-,14100
57053/芮城,小时数据,2024-10-14 19,2024-10-14 19:00:44,000,955.1,1014.1,19.2,14.5,65,9202,0.0,-,358,1.4,357,1.4,18.7,13.7,-,-,7700
57053/芮城,小时数据,2024-10-14 18,2024-10-14 18:00:46,000,954.7,1013.3,22.1,14.4,54,10051,0.0,-,170,0.7,161,0.5,21.9,16.0,-,-,10300
57053/芮城,小时数据,2024-10-14 17,2024-10-14 17:00:41,000,954.6,1012.9,25.2,14.1,44,9960,0.0,-,214,1.6,202,1.5,28.0,27.8,-,-,10000
57053/芮城,小时数据,2024-10-14 16,2024-10-14 16:00:45,000,954.4,1012.3,26.2,13.3,39,18319,0.0,-,203,1.6,197,1.5,33.7,34.6,-,-,13700
57053/芮城,小时数据,2024-10-14 15,2024-10-14 15:00:45,000,954.7,1012.5,25.7,13.2,40,15442,0.0,-,121,2.1,130,2.0,38.3,37.2,-,-,13400
57053/芮城,小时数据,2024-10-14 14,2024-10-14 14:00:45,000,955.5,1013.3,24.8,13.5,43,12114,0.0,-,264,1.3,236,1.9,41.2,38.0,-,-,11100
57053/芮城,小时数据,2024-10-14 13,2024-10-14 13:00:38,000,956.4,1014.3,23.8,13.6,46,11034,0.0,-,94,1.9,121,1.7,41.7,39.3,-,-,9000
57053/芮城,小时数据,2024-10-14 12,2024-10-14 12:00:46,000,957.3,1015.4,22.3,13.7,51,7774,0.0,-,78,1.7,88,2.3,38.6,38.6,-,-,7600
57053/芮城,小时数据,2024-10-14 11,2024-10-14 11:00:45,000,958.0,1016.2,21.2,13.8,55,7815,0.0,-,113,2.7,124,2.1,33.2,35.6,-,-,8600
57053/芮城,小时数据,2024-10-14 10,2024-10-14 10:00:45,000,958.6,1016.9,19.6,13.5,59,6953,0.0,-,114,2.0,119,2.3,28.5,32.5,-,-,6200
57053/芮城,小时数据,2024-10-14 09,2024-10-14 09:00:53,000,958.6,1017.1,17.8,13.9,68,4412,0.0,-,129,1.9,124,1.7,21.4,27.2,-,-,4000
57053/芮城,小时数据,2024-10-14 08,2024-10-14 08:00:41,000,958.2,1017.1,12.8,14.8,100,4708,0.0,-,51,0.7,42,0.3,14.2,17.4,-,-,3400
57053/芮城,小时数据,2024-10-14 07,2024-10-14 07:00:45,000,958.0,1017.1,9.8,12.1,100,1891,0.0,-,3,1.1,11,1.0,9.2,6.7,-,-,1700
57053/芮城,小时数据,2024-10-14 06,2024-10-14 06:00:46,000,957.7,1016.6,10.3,12.4,99,2116,0.0,-,27,0.9,23,0.6,9.4,6.3,-,-,1700
57053/芮城,小时数据,2024-10-14 05,2024-10-14 05:00:40,000,957.4,1016.0,10.9,12.1,93,2062,0.0,-,95,0.4,77,0.6,10.1,6.9,-,-,2100
57053/芮城,小时数据,2024-10-14 04,2024-10-14 04:00:44,000,957.6,1015.8,13.4,12.1,79,3159,0.0,-,90,1.1,89,1.3,11.0,7.8,-,-,3300
57053/芮城,小时数据,2024-10-14 03,2024-10-14 03:00:43,000,957.8,1015.8,15.2,12.3,71,3956,0.0,-,55,2.2,57,2.2,12.4,11.2,-,-,3500
57053/芮城,小时数据,2024-10-14 02,2024-10-14 02:00:39,000,957.9,1015.9,16.3,12.2,66,3848,0.0,-,52,2.8,50,2.7,13.3,12.8,-,-,3700
57053/芮城,小时数据,2024-10-14 01,2024-10-14 01:00:45,000,958.2,1016.3,16.9,12.3,64,3755,0.0,-,43,3.2,42,3.2,14.0,13.9,-,-,3700
57053/芮城,小时数据,2024-10-14 00,2024-10-14 00:00:57,000,958.4,1016.6,17.2,12.4,63,4459,0.0,-,38,3.6,42,3.4,14.5,14.3,-,-,4400
57053/芮城,小时数据,2024-10-13 23,2024-10-13 23:00:38,000,958.5,1016.7,17.7,12.8,63,4217,0.0,-,42,3.6,39,3.8,15.2,15.1,-,-,4100
57053/芮城,小时数据,2024-10-13 22,2024-10-13 22:00:45,000,958.4,1016.7,18.1,12.9,62,4169,0.0,-,47,4.1,46,3.8,15.9,15.6,-,-,4100
57053/芮城,小时数据,2024-10-13 21,2024-10-13 21:00:46,000,958.1,1016.5,18.7,13.1,61,4415,0.0,-,42,4.0,42,3.6,16.7,16.2,-,-,4400
57053/芮城,小时数据,2024-10-13 20,2024-10-13 20:00:45,000,957.5,1015.9,19.4,13.3,59,5339,0.0,-,48,5.0,50,4.2,17.8,17.1,-,-,5500
57053/芮城,小时数据,2024-10-13 19,2024-10-13 19:00:39,000,956.8,1015.2,19.8,13.4,58,8027,0.0,-,47,2.6,42,2.9,18.9,16.7,-,-,8000
57053/芮城,小时数据,2024-10-13 18,2024-10-13 18:00:44,000,956.3,1014.6,21.6,13.4,52,15957,0.0,-,69,2.1,75,1.6,21.7,17.3,-,-,13500
57053/芮城,小时数据,2024-10-13 17,2024-10-13 17:00:38,000,956.0,1014.0,23.6,12.5,43,17191,0.0,-,98,2.9,97,2.8,26.7,25.7,-,-,21800
57053/芮城,小时数据,2024-10-13 16,2024-10-13 16:00:47,000,955.8,1013.6,25.5,12.4,38,30000,0.0,-,157,1.8,173,1.0,33.8,33.9,-,-,30000
57053/芮城,小时数据,2024-10-13 15,2024-10-13 15:00:45,000,956.2,1014.0,25.2,12.5,39,30000,0.0,-,200,1.6,115,1.8,38.6,38.1,-,-,30000
57053/芮城,小时数据,2024-10-13 14,2024-10-13 14:00:47,000,956.7,1014.6,24.2,11.8,39,28203,0.0,-,136,1.2,149,2.0,40.9,37.6,-,-,27800
57053/芮城,小时数据,2024-10-13 13,2024-10-13 13:00:40,000,957.6,1015.7,23.4,11.8,41,30000,0.0,-,249,2.6,253,1.7,41.5,37.7,-,-,23400
57053/芮城,小时数据,2024-10-13 12,2024-10-13 12:00:44,000,958.6,1016.8,22.1,12.2,46,16141,0.0,-,89,2.5,80,2.0,38.1,37.9,-,-,15800
57053/芮城,小时数据,2024-10-13 11,2024-10-13 11:00:38,000,959.3,1017.7,21.1,11.5,46,19079,0.0,-,47,2.3,63,3.0,32.7,36.5,-,-,14300
57053/芮城,小时数据,2024-10-13 10,2024-10-13 10:00:47,000,959.9,1018.5,19.9,12.3,53,13134,0.0,-,56,3.2,69,3.3,28.5,33.2,-,-,10500
57053/芮城,小时数据,2024-10-13 09,2024-10-13 09:00:38,000,959.8,1018.4,18.5,11.7,55,11967,0.0,-,78,2.6,80,3.0,20.9,23.9,-,-,10000
57053/芮城,小时数据,2024-10-13 08,2024-10-13 08:00:45,000,959.4,1018.2,16.8,11.9,62,9281,0.0,-,57,1.8,56,1.9,16.0,18.4,-,-,9700
57053/芮城,小时数据,2024-10-13 07,2024-10-13 07:00:38,000,959.2,1018.0,16.2,11.6,63,9687,0.0,-,46,1.9,50,2.3,14.0,14.9,-,-,10100
57053/芮城,小时数据,2024-10-13 06,2024-10-13 06:00:45,000,958.7,1017.6,15.5,11.6,66,10925,0.0,-,40,2.4,39,2.6,13.3,14.1,-,-,10200
57053/芮城,小时数据,2024-10-13 05,2024-10-13 05:00:43,000,958.3,1017.1,15.9,11.9,66,9342,0.0,-,30,3.3,32,2.9,13.2,13.2,-,-,8600
57053/芮城,小时数据,2024-10-13 04,2024-10-13 04:00:44,000,958.7,1017.4,16.2,12.1,66,11171,0.0,-,39,2.9,44,3.1,14.4,15.0,-,-,11000
57053/芮城,小时数据,2024-10-13 03,2024-10-13 03:00:42,000,959.1,1017.8,16.2,11.4,62,16731,0.0,-,35,2.5,45,2.7,14.1,14.4,-,-,17000
57053/芮城,小时数据,2024-10-13 02,2024-10-13 02:00:37,000,959.7,1018.4,16.5,11.4,61,17011,0.0,-,44,3.2,41,3.2,14.5,15.3,-,-,17500
57053/芮城,小时数据,2024-10-13 01,2024-10-13 01:00:45,000,960.1,1018.8,16.3,11.7,63,17723,0.0,-,54,2.5,57,2.4,14.6,15.1,-,-,17200
57053/芮城,小时数据,2024-10-13 00,2024-10-13 00:00:58,000,960.1,1018.9,16.5,11.8,63,14699,0.0,-,66,4.0,62,2.9,14.7,15.2,-,-,12700
57053/芮城,小时数据,2024-10-12 23,2024-10-12 23:00:37,000,960.6,1019.5,16.4,12.7,68,9402,0.0,-,45,2.7,48,2.5,15.0,15.2,-,-,9500
57053/芮城,小时数据,2024-10-12 22,2024-10-12 22:00:42,000,960.8,1019.7,16.5,12.9,69,9655,0.0,-,45,3.5,47,2.7,15.2,15.4,-,-,9800
57053/芮城,小时数据,2024-10-12 21,2024-10-12 21:00:45,000,960.5,1019.2,17.1,12.5,64,15609,0.0,-,78,3.3,78,3.4,15.4,15.9,-,-,15300
57053/芮城,小时数据,2024-10-12 20,2024-10-12 20:00:44,000,960.3,1019.0,17.0,13.0,67,12260,0.0,-,65,3.5,65,3.7,15.6,16.0,-,-,12600
57053/芮城,小时数据,2024-10-12 19,2024-10-12 19:00:37,000,959.9,1018.6,17.1,12.9,66,15446,0.0,-,73,4.7,78,4.4,15.7,16.3,-,-,13100
57053/芮城,小时数据,2024-10-12 18,2024-10-12 18:00:42,000,959.8,1018.5,17.3,13.6,69,9517,0.0,-,75,4.1,79,4.1,16.2,16.4,-,-,9900
57053/芮城,小时数据,2024-10-12 17,2024-10-12 17:05:06,CCA,959.8,1018.5,17.4,14.3,72,7538,0.0,-,84,3.7,80,3.9,16.9,16.4,-,-,7100
57053/芮城,小时数据,2024-10-12 16,2024-10-12 17:04:47,CCA,959.5,1018.1,18.1,13.7,66,7516,0.0,-,84,4.0,83,4.0,19.1,19.2,-,-,8000
57053/芮城,小时数据,2024-10-12 15,2024-10-12 17:04:31,CCA,959.4,1018.0,18.4,14.2,67,7783,0.0,-,89,3.5,90,3.8,21.2,22.1,-,-,8000
57053/芮城,小时数据,2024-10-12 14,2024-10-12 17:04:11,CCA,960.0,1018.5,18.5,14.0,66,8562,0.1,-,99,4.3,97,4.1,20.8,21.8,-,-,8800
57053/芮城,小时数据,2024-10-12 13,2024-10-12 13:00:44,000,960.7,1019.3,18.5,14.3,67,7200,0.0,-,84,3.4,79,3.4,21.0,23.2,-,-,5800
57053/芮城,小时数据,2024-10-12 12,2024-10-12 12:00:38,000,961.5,1020.2,18.0,14.4,70,5723,0.0,-,75,2.0,66,2.4,20.0,19.4,-,-,6200
57053/芮城,小时数据,2024-10-12 11,2024-10-12 11:00:42,000,961.9,1020.7,17.1,15.4,79,4250,0.1,-,47,2.1,40,2.4,19.3,18.5,-,-,2800
57053/芮城,小时数据,2024-10-12 10,2024-10-12 10:00:38,000,961.9,1020.6,17.4,13.9,70,3029,0.0,-,69,1.5,75,1.6,17.3,16.7,-,-,3200
57053/芮城,小时数据,2024-10-12 09,2024-10-12 09:00:45,000,961.4,1020.0,18.1,12.5,60,5558,0.0,-,49,1.8,64,2.0,17.0,18.1,-,-,5600
57053/芮城,小时数据,2024-10-12 08,2024-10-12 08:02:28,CCA,960.5,1019.0,17.9,12.3,60,5360,0.0,-,63,2.6,66,3.1,16.0,16.8,-,-,5600
57053/芮城,小时数据,2024-10-12 07,2024-10-12 07:00:44,000,959.7,1018.1,17.9,12.1,59,5894,0.0,-,50,4.3,51,3.7,15.6,16.6,-,-,5900
57053/芮城,小时数据,2024-10-12 06,2024-10-12 06:00:42,000,959.4,1017.7,17.7,11.9,59,5989,0.0,-,40,2.8,41,2.7,15.1,15.8,-,-,5900
57053/芮城,小时数据,2024-10-12 05,2024-10-12 05:00:46,000,959.1,1017.3,17.6,11.1,55,10439,0.0,-,30,2.3,29,2.0,14.8,15.3,-,-,11100
57053/芮城,小时数据,2024-10-12 04,2024-10-12 04:00:43,000,958.9,1017.0,17.4,10.3,52,19157,0.0,-,50,2.2,51,2.0,14.6,14.6,-,-,17400
57053/芮城,小时数据,2024-10-12 03,2024-10-12 03:00:44,000,959.0,1017.1,17.6,10.5,52,21515,0.0,-,56,2.4,49,2.5,14.9,15.0,-,-,23100
57053/芮城,小时数据,2024-10-12 02,2024-10-12 02:00:38,000,959.2,1017.2,18.0,10.1,49,25887,0.0,-,19,2.1,16,2.2,15.3,15.8,-,-,25500
57053/芮城,小时数据,2024-10-12 01,2024-10-12 01:00:42,000,959.4,1017.5,18.1,10.4,50,27506,0.0,-,29,2.3,26,2.3,15.5,15.8,-,-,28100
57053/芮城,小时数据,2024-10-12 00,2024-10-12 00:00:39,000,959.6,1017.8,18.2,10.4,50,24535,0.0,-,18,2.0,23,2.0,15.7,15.9,-,-,25100
57053/芮城,小时数据,2024-10-11 23,2024-10-11 23:00:43,000,959.8,1018.1,18.1,10.8,52,24078,0.0,-,31,1.9,18,1.8,15.9,15.5,-,-,22700
57053/芮城,小时数据,2024-10-11 22,2024-10-11 22:00:37,000,959.6,1017.9,18.7,10.3,48,24696,0.0,-,44,2.6,39,2.7,16.4,16.5,-,-,24900
57053/芮城,小时数据,2024-10-11 21,2024-10-11 21:00:44,000,959.2,1017.6,18.8,10.6,49,22662,0.0,-,26,1.5,24,1.9,16.7,16.4,-,-,19200
57053/芮城,小时数据,2024-10-11 20,2024-10-11 20:00:45,000,958.8,1017.3,19.3,11.4,51,15307,0.0,-,18,2.5,22,1.9,17.4,16.8,-,-,11700
57053/芮城,小时数据,2024-10-11 19,2024-10-11 19:00:44,000,958.2,1016.9,19.8,12.5,54,11107,0.0,-,40,1.7,36,1.9,18.3,16.9,-,-,11200
57053/芮城,小时数据,2024-10-11 18,2024-10-11 18:00:44,000,957.9,1016.5,20.8,12.5,51,4338,0.0,-,55,1.7,58,1.7,20.1,18.3,-,-,4400
57053/芮城,小时数据,2024-10-11 17,2024-10-11 17:00:39,000,957.7,1016.1,22.2,12.6,47,16185,0.0,-,73,1.6,75,1.5,23.0,22.6,-,-,15800
57053/芮城,小时数据,2024-10-11 16,2024-10-11 16:00:41,000,957.6,1015.9,22.7,12.4,45,20911,0.0,-,121,1.6,117,2.1,25.1,24.2,-,-,16200
57053/芮城,小时数据,2024-10-11 15,2024-10-11 15:00:43,000,957.6,1015.8,23.1,12.4,44,19814,0.0,-,120,2.6,124,2.2,28.6,27.1,-,-,21300
57053/芮城,小时数据,2024-10-11 14,2024-10-11 14:00:38,000,958.0,1016.3,23.3,12.3,43,19367,0.0,-,120,1.8,99,1.7,32.4,31.6,-,-,16600
57053/芮城,小时数据,2024-10-11 13,2024-10-11 13:00:44,000,958.7,1017.0,22.5,11.7,43,17615,0.0,-,92,1.8,83,2.1,31.0,32.0,-,-,14800
57053/芮城,小时数据,2024-10-11 12,2024-10-11 12:00:37,000,959.3,1017.8,21.8,11.7,45,15207,0.0,-,115,2.7,107,2.6,28.9,29.3,-,-,13300
57053/芮城,小时数据,2024-10-11 11,2024-10-11 11:00:42,000,959.8,1018.8,21.1,10.8,43,12801,0.0,-,75,4.0,81,3.6,28.0,30.1,-,-,11200
57053/芮城,小时数据,2024-10-11 10,2024-10-11 10:00:43,000,960.0,1019.0,20.3,10.7,45,13165,0.0,-,85,3.3,77,3.7,25.2,28.7,-,-,11200
57053/芮城,小时数据,2024-10-11 09,2024-10-11 09:00:45,000,960.1,1019.1,19.1,10.8,49,9147,0.0,-,76,4.0,72,3.9,21.3,27.9,-,-,5600
57053/芮城,小时数据,2024-10-11 08,2024-10-11 08:00:37,000,959.8,1018.8,17.1,10.9,56,6753,0.0,-,80,2.9,76,3.1,14.8,19.7,-,-,6000
57053/芮城,小时数据,2024-10-11 07,2024-10-11 07:00:43,000,959.3,1018.2,14.6,10.3,62,7407,0.0,-,56,2.8,60,2.6,10.4,11.5,-,-,7400
57053/芮城,小时数据,2024-10-11 06,2024-10-11 06:00:45,000,959.0,1017.6,13.6,10.3,66,7468,0.0,-,57,1.9,62,1.7,9.3,7.0,-,-,7200
57053/芮城,小时数据,2024-10-11 05,2024-10-11 05:00:43,000,958.8,1016.9,14.5,10.1,61,8908,0.0,-,58,2.6,58,2.3,10.1,9.8,-,-,8500
57053/芮城,小时数据,2024-10-11 04,2024-10-11 04:00:38,000,958.6,1016.6,15.2,9.8,57,9336,0.0,-,72,2.6,63,2.8,10.6,10.9,-,-,9700
57053/芮城,小时数据,2024-10-11 03,2024-10-11 03:00:45,000,958.6,1016.6,15.0,9.5,56,11756,0.0,-,59,2.9,58,2.5,10.4,9.6,-,-,11700
57053/芮城,小时数据,2024-10-11 02,2024-10-11 02:00:41,000,959.0,1017.2,14.2,8.9,55,16159,0.0,-,59,2.0,55,2.0,10.1,7.9,-,-,15500
57053/芮城,小时数据,2024-10-11 01,2024-10-11 01:00:44,000,958.9,1017.0,15.5,8.1,46,24156,0.0,-,60,2.4,53,2.3,10.5,8.6,-,-,27300
57053/芮城,小时数据,2024-10-11 00,2024-10-11 00:01:01,000,958.8,1017.1,14.6,7.5,45,30000,0.0,-,49,2.2,44,2.4,10.8,8.2,-,-,30000
57053/芮城,小时数据,2024-10-10 23,2024-10-10 23:00:40,000,959.0,1017.8,11.2,9.2,69,30000,0.0,-,37,0.6,31,1.2,11.1,6.8,-,-,30000
57053/芮城,小时数据,2024-10-10 22,2024-10-10 22:00:42,000,958.9,1017.8,11.8,9.4,68,30000,0.0,-,12,1.5,24,1.3,12.0,7.3,-,-,30000
57053/芮城,小时数据,2024-10-10 21,2024-10-10 21:00:38,000,958.6,1017.6,12.8,9.9,67,27054,0.0,-,350,1.3,353,1.4,13.3,8.0,-,-,28100
57053/芮城,小时数据,2024-10-10 20,2024-10-10 20:00:48,000,958.3,1017.7,14.5,9.6,58,23547,0.0,-,1,1.1,353,1.1,14.8,9.0,-,-,24900
57053/芮城,小时数据,2024-10-10 19,2024-10-10 19:00:44,000,957.9,1017.2,17.7,9.3,46,20041,0.0,-,14,1.6,359,1.8,17.0,11.6,-,-,19500
57053/芮城,小时数据,2024-10-10 18,2024-10-10 18:00:38,000,957.8,1016.4,21.4,7.9,31,30000,0.0,-,PPC,0.0,49,0.4,20.7,13.9,-,-,23500
57053/芮城,小时数据,2024-10-10 17,2024-10-10 17:00:45,000,957.9,1016.0,25.3,6.4,20,30000,0.0,-,204,0.8,194,1.2,27.3,29.1,-,-,30000
57053/芮城,小时数据,2024-10-10 16,2024-10-10 16:00:46,000,957.9,1015.7,26.3,5.8,17,30000,0.0,-,226,1.8,182,1.4,33.6,35.8,-,-,30000
57053/芮城,小时数据,2024-10-10 15,2024-10-10 15:00:46,000,958.3,1015.8,26.0,5.4,16,30000,0.0,-,231,1.4,186,1.2,38.2,38.3,-,-,30000
57053/芮城,小时数据,2024-10-10 14,2024-10-10 14:00:39,000,959.1,1017.1,25.6,6.6,20,30000,0.0,-,290,1.3,233,1.5,41.1,38.7,-,-,30000
57053/芮城,小时数据,2024-10-10 13,2024-10-10 13:00:44,000,960.1,1018.4,24.9,6.6,21,30000,0.0,-,156,1.4,167,1.6,40.8,39.5,-,-,30000
57053/芮城,小时数据,2024-10-10 12,2024-10-10 12:00:44,000,961.0,1019.5,23.2,9.1,32,30000,0.0,-,213,2.1,226,2.6,38.1,37.6,-,-,23900
